2048
2051
2052
2054
2057
2065
2073
2069
2048
2031
2030
2028
2038
2047
2060
2056
2048
2041
2035
2025
2036
2047
2070
2085
2076
2058
2045
2031
2021
2023
2041
2064
2084
2094
2108
2123
2152
2180
2231
2299
2346
2356
2344
2327
2319
2300
2277
2262
2229
2179
2117
2047
1992
1935
1903
1899
1908
1920
1920
1922
1925
1928
1933
1946
1959
1983
2006
2026
2029
2018
2008
1996
2003
2033
2069
2095
2099
2091
2071
2068
2065
2067
2090
2111
2111
2102
2108
2108
2106
2101
2116
2123
2110
2101
2097
2089
2084
2089
2106
2130
2139
2137
2127
2113
2092
2087
2091
2091
2093
2094
2108
2109
2105
2102
2108
2116
2124
2126
2123
2120
2101
2092
2096
2113
2138
2156
2160
2147
2121
2097
2093
2106
2124
2143
2154
2150
2144
2141
2134
2121
2128
2152
2173
2185
2206
2215
2220
2201
2208
2223
2236
2225
2207
2191
2176
2183
2198
2229
2265
2288
2281
2272
2252
2230
2213
2213
2230
2246
2237
2215
2198
2197
2190
2196
2210
2240
2253
2243
2211
2178
2150
2131
2136
2152
2165
2152
2138
2121
2100
2077
2068
2069
2075
2056
2030
2008
1989
1967
1960
1966
1998
2008
1990
1964
1952
1940
1944
1948
1957
1972
1982
1972
1962
1958
1962
1961
1963
1975
1979
1982
1978
1973
1968
1975
1980
1989
1986
1982
1981
1981
1958
1948
1944
1959
1987
2008
2016
2005
1980
1964
1954
1961
1981
1997
2004
1992
1986
1989
1998
2004
2003
2002
2005
2006
2004
1992
1979
1972
1977
1990
2005
2006
1999
1990
1989
1986
1983
1989
1991
1986
1979
1985
1990
1996
1986
1981
1985
2006
2024
2031
2024
2013
1998
1981
1965
1976
1993
1996
1984
1978
1976
1976
1987
2007
2018
2010
1992
1963
1949
1961
1965
1973
2002
2023
2020
2019
2025
2018
2014
2015
2008
2002
2003
2009
2015
1994
1979
1964
1974
1999
2017
2002
1996
1988
1971
1968
1976
1994
2007
2006
1989
1973
1968
1969
1968
1980
1991
1987
1967
1964
1968
1974
1978
1989
1993
1997
1997
1988
1990
1981
1962
1965
1980
1995
2002
2001
1997
1986
1979
1971
1963
1960
1973
1980
1987
1989
1983
1965
1951
1952
1971
1992
1997
1992
1986
1976
1971
1980
2007
2022
2028
2026
2014
2008
2007
2008
2015
2020
2013
2005
1995
1994
1989
1982
1967
1959
1964
1981
1981
1974
1964
1957
1962
1985
2004
2005
1983
1970
1971
1974
1969
1975
1992
1997
1993
1987
1985
1975
1960
1961
1970
1978
1985
1979
1979
1979
1983
1991
2007
2017
2008
1995
1981
1960
1948
1945
1947
1967
1995
2023
2052
2093
2109
2129
2164
2213
2260
2307
2320
2321
2316
2305
2272
2230
2194
2149
2084
2014
1945
1879
1818
1785
1776
1794
1811
1838
1874
1896
1907
1907
1918
1934
1960
1968
1971
1966
1979
1991
2009
2017
2025
2027
2027
2021
2020
2022
2031
2033
2043
2060
2059
2049
2046
2047
2043
2044
2053
2069
2074
2071
2067
2066
2061
2061
2051
2053
2055
2050
2047
2051
2045
2042
2043
2072
2087
2097
2097
2081
2076
2072
2070
2089
2104
2101
2093
2088
2090
2087
2083
2077
2087
2098
2107
2103
2093
2087
2092
2102
2114
2125
2137
2144
2152
2147
2145
2141
2154
2170
2180
2186
2182
2176
2168
2171
2178
2196
2211
2226
2224
2205
2191
2190
2192
2213
2237
2250
2253
2251
2241
2234
2225
2227
2235
2244
2245
2251
2246
2222
2207
2196
2181
2188
2226
2233
2210
2188
2178
2159
2138
2121
2114
2110
2093
2056
2029
2023
2028
2028
2035
2048
2052
2035
2024
2005
1984
1966
1963
1966
1973
1980
1989
1988
1968
1949
1939
1946
1965
1981
1982
1967
1954
1948
1944
1953
1947
1947
1944
1942
1948
1956
1953
1946
1952
1968
1974
1969
1959
1946
1932
1919
1930
1949
1965
1970
1974
1973
1962
1956
1952
1965
1986
1983
1958
1940
1936
1931
1933
1945
1964
1973
1965
1963
1969
1957
1936
1930
1936
1936
1927
1919
1916
1913
1918
1915
1925
1944
1957
1961
1948
1942
1939
1926
1926
1942
1950
1961
1972
1971
1952
1930
1932
1947
1966
1978
1966
1941
1933
1913
1900
1899
1919
1931
1931
1917
1918
1929
1925
1921
1929
1944
1952
1942
1919
1897
1894
1901
1909
1925
1951
1964
1957
1940
1926
1918
1927
1952
1973
1975
1968
1953
1952
1957
1955
1955
1954
1945
1927
1918
1916
1916
1915
1926
1938
1945
1957
1961
1955
1952
1944
1926
1927
1952
1970
1968
1963
1957
1953
1953
1956
1961
1973
1976
1965
1946
1930
1922
1942
1962
1972
1961
1943
1940
1953
1968
1974
1977
1997
2019
2027
2016
1999
1990
1975
1977
1980
1996
2022
2032
2021
2015
2010
2014
2021
2036
2037
2028
2017
2012
2007
2000
1989
1992
2011
2033
2039
2041
2035
2022
2013
2020
2042
2054
2058
2050
2049
2056
2053
2040
2031
2023
2011
2002
1999
1992
1996
2006
2001
1990
2000
2020
2046
2050
2053
2063
2055
2053
2069
2085
2071
2044
2026
2011
1999
2012
2049
2087
2105
2126
2165
2204
2235
2269
2308
2344
2364
2370
2353
2333
2296
2248
2201
2153
2096
2033
1978
1925
1886
1861
1862
1880
1911
1929
1935
1939
1950
1957
1977
1993
2017
2042
2057
2050
2053
2046
2040
2043
2073
2088
2102
2089
2077
2067
2062
2076
2099
2129
2151
2150
2133
2120
2117
2109
2101
2106
2113
2119
2122
2127
2142
2153
2138
2127
2140
2135
2122
2122
2123
2135
2137
2131
2135
2144
2156
2161
2162
2160
2153
2146
2151
2159
2168
2159
2154
2155
2165
2171
2166
2165
2175
2190
2195
2190
2193
2193
2203
2205
2217
2228
2219
2203
2193
2191
2205
2222
2239
2262
2272
2281
2288
2289
2289
2297
2293
2286
2293
2306
2308
2294
2285
2284
2279
2286
2310
2328
2334
2326
2305
2296
2309
2321
2330
2330
2325
2329
2313
2280
2263
2258
2266
2285
2299
2280
2240
2208
2176
2151
2143
2142
2154
2133
2108
2081
2058
2052
2056
2071
2094
2105
2100
2089
2072
2055
2024
2004
2008
2013
2011
2000
1993
1993
1984
1979
1986
2004
2023
2036
2016
1994
1988
1993
1994
1994
1994
1999
2003
2011
2013
2019
2018
2018
2026
2029
2013
1991
1978
1985
2004
2020
2035
2037
2028
2025
2004
1977
1971
1989
2013
2024
2034
2036
2025
2002
1996
1995
1996
2007
2018
2028
2036
2029
2021
2017
2021
2032
2030
2030
2028
2009
1987
1982
1985
2001
2015
2030
2043
2042
2036
2032
2023
2008
2021
2035
2037
2027
2020
2017
2011
1998
1997
2010
2030
2037
2035
2020
2007
1995
1989
1995
2009
2028
2034
2021
2012
1982
1984
2009
2027
2030
2018
2013
2005
2012
2010
2008
2010
2019
2018
2011
1994
1992
2006
2025
2038
2045
2044
2038
2027
2023
1998
1991
2000
2025
2029
2025
2014
1995
1979
1984
1994
2019
2041
2034
2008
1992
1990
1984
1987
2004
2028
2041
2045
2048
2045
2029
2021
2017
2021
2030
2031
2021
2009
1981
1979
1994
2018
2045
2067
2071
2063
2063
2061
2048
2044
2055
2060
2051
2033
2036
2040
2036
2018
2020
2037
2050
2047
2031
2017
2017
2015
2008
1999
1998
2013
2027
2028
2033
2022
2017
2021
2020
2019
2012
1999
1997
2005
1999
1989
1997
2011
2024
2023
2015
2003
1984
1981
1996
2026
2038
2031
2024
2019
2012
2001
1991
1995
2016
2045
2066
2087
2109
2137
2184
2227
2276
2312
2330
2323
2305
2276
2232
2189
2155
2111
2055
1979
1918
1880
1855
1829
1819
1815
1830
1835
1837
1850
1873
1896
1911
1930
1958
1971
1978
1977
1972
1986
1998
2013
2034
2051
2064
2070
2065
2064
2050
2044
2044
2058
2078
2083
2074
2067
2066
2050
2047
2061
2074
2076
2069
2065
2077
2075
2074
2090
2106
2090
2069
2064
2060
2049
2057
2087
2116
2123
2127
2118
2110
2101
2103
2108
2114
2115
2108
2123
2137
2135
2115
2102
2107
2124
2132
2133
2126
2127
2129
2135
2138
2135
2136
2148
2151
2149
2156
2167
2168
2180
2197
2212
2210
2203
2208
2209
2207
2213
2212
2208
2215
2219
2226
2234
2241
2241
2240
2238
2260
2271
2268
2256
2254
2256
2266
2273
2282
2280
2278
2266
2246
2240
2247
2255
2237
2224
2207
2183
2154
2125
2095
2082
2075
2077
2077
2072
2056
2034
2015
2008
2004
2009
2002
1988
1969
1948
1933
1938
1945
1971
1997
2018
2010
1982
1961
1951
1945
1949
1958
1959
1941
1933
1946
1953
1946
1948
1964
1968
1960
1942
1934
1929
1914
1907
1922
1943
1951
1948
1948
1941
1940
1944
1947
1957
1971
1977
1977
1977
1965
1944
1931
1960
1991
2005
2003
1993
1984
1972
1958
1961
1966
1972
1979
1979
1966
1956
1941
1940
1951
1962
1981
1985
1977
1956
1941
1935
1940
1952
1976
1986
1991
1990
1994
1987
1981
1979
1984
1988
1994
2003
2011
1992
1973
1975
1987
1997
1995
1988
1973
1971
1968
1971
1974
1976
1975
1968
1941
1927
1922
1918
1932
1958
1982
2001
2002
2003
1982
1962
1950
1961
1985
2005
2002
1994
1982
1973
1958
1953
1959
1969
1982
1991
2000
1998
1996
1989
1984
1991
1994
1991
1979
1963
1952
1955
1961
1973
1989
1992
1997
1998
1995
1993
2000
2018
2018
2017
2005
1994
1978
1975
1976
1981
1985
2000
2001
2000
2002
1997
1975
1960
1963
1975
1975
1978
1978
1982
1980
1990
2017
2037
2041
2041
2020
2002
2007
2007
2019
2024
2036
2050
2052
2034
2013
2000
2000
2005
2012
2009
2012
2008
2003
1999
1989
1989
1984
1988
1983
1983
1987
1987
1988
1999
2018
2021
2017
2024
2028
2027
2009
1998
1998
2012
2012
2005
2001
1996
1990
1989
1997
2009
2023
2028
2019
2015
1998
1988
1993
1997
2007
2040
2087
2125
2157
2189
2229
2267
2302
2323
2329
2312
2280
2242
2216
2190
2145
2089
2043
1999
1930
1861
1821
1807
1808
1832
1869
1896
1908
1915
1917
1931
1949
1966
1988
2014
2016
2002
2001
2017
2031
2044
2051
2055
2052
2053
2036
2027
2018
2017
2020
2039
2057
2055
2043
2042
2044
2056
2064
2089
2104
2099
2080
2071
2081
2088
2082
2085
2107
2129
2137
2126
2112
2081
2066
2081
2095
2108
2116
2122
2125
2121
2116
2107
2093
2102
2125
2123
2110
2113
2113
2101
2102
2120
2134
2133
2129
2133
2124
2113
2110
2112
2125
2154
2167
2169
2167
2170
2162
2160
2183
2192
2188
2212
2237
2228
2218
2211
2226
2239
2252
2249
2250
2233
2211
2201
2206
2218
2227
2240
2244
2240
2241
2242
2256
2277
2293
2290
2272
2248
2236
2218
2211
2208
2212
2201
2167
2136
2126
2117
2106
2105
2109
2113
2105
2081
2066
2064
2047
2020
1999
1993
1994
1994
1977
1951
1934
1937
1939
1930
1933
1944
1949
1943
1939
1944
1961
1979
2003
2025
2021
1994
1966
1938
1928
1935
1962
1970
1973
1969
1951
1931
1925
1921
1928
1937
1950
1956
1954
1954
1952
1952
1948
1942
1948
1959
1972
1969
1956
1952
1943
1961
1994
2010
2004
1987
1974
1964
1956
1954
1960
1965
1976
1985
1975
1968
1977
1982
1977
1974
1989
1992
1977
1969
1973
1977
1975
1975
1991
1996
1997
1990
1987
1981
1977
1975
1985
1997
1995
1986
1990
1992
1979
1971
1977
1992
2004
2022
2025
2011
1989
1984
1992
1989
1983
1979
1966
1943
1932
1943
1955
1968
1980
1987
1972
1966
1961
1968
1981
2000
2006
2013
2011
1993
1975
1969
1972
1982
1996
1996
2010
2010
2002
1997
1999
1980
1959
1956
1969
1969
1961
1957
1972
1976
1983
2004
2018
2020
2005
1992
1996
1997
2009
2029
2026
2018
2006
2007
2000
1991
1982
1989
2002
2008
2004
1993
1976
1984
1983
1973
1980
2009
2031
2031
2018
2000
1985
1984
1989
1997
2002
2001
2007
2008
2018
2027
2037
2042
2056
2061
2056
2052
2045
2032
2011
2001
2006
2004
1997
1988
1981
1992
1998
2005
2022
2052
2065
2053
2031
2010
2004
1997
1993
2013
2033
2028
2014
2013
2003
2005
2014
2037
2052
2051
2036
2023
2001
1983
1970
1965
1974
1995
2002
1999
1993
2006
1997
1992
2005
2031
2053
2058
2061
2082
2119
2163
2235
2298
2335
2350
2351
2346
2325
2289
2257
2221
2192
2129
2049
1975
1913
1848
1809
1799
1828
1856
1873
1887
1901
1920
1931
1941
1970
2002
2011
2010
2005
1992
1983
1982
1981
1998
2027
2049
2053
2051
2035
2047
2061
2075
2081
2082
2072
2058
2044
2042
2042
2053
2068
2073
2069
2068
2085
2097
2108
2110
2120
2131
2131
2115
2093
2070
2064
2062
2061
2080
2112
2116
2113
2112
2108
2104
2119
2141
2155
2149
2118
2087
2069
2054
2053
2069
2098
2146
2185
2189
2163
2130
2114
2116
2125
2146
2167
2174
2173
2172
2179
2168
2165
2172
2182
2193
2206
2205
2205
2197
2201
2209
2228
2234
2240
2236
2244
2239
2233
2229
2239
2256
2259
2252
2257
2264
2264
2265
2281
2281
2272
2265
2261
2239
2209
2201
2209
2211
2212
2201
2175
2146
2122
2116
2113
2114
2115
2107
2088
2068
2061
2063
2053
2046
2042
2029
2025
2019
2010
2002
1985
1962
1964
1982
1996
1989
1981
1978
1977
1973
1969
1980
1994
1992
1983
1966
1947
1937
1936
1938
1961
1970
1958
1943
1933
1914
1919
1946
1969
1967
1958
1941
1925
1925
1940
1972
2001
2024
2021
2002
1990
1978
1957
1942
1953
1978
1986
1988
1976
1970
1972
1981
1979
1969
1965
1968
1984
2000
2000
1999
2005
2007
2010
2016
2016
2015
2016
1998
1987
1982
1986
1997
2002
1998
1998
1992
1988
1976
1975
1981
1991
1987
1985
1983
1987
2002
2012
2010
2022
2040
2031
2012
1998
2006
1997
1993
1985
1979
1988
2005
2003
2001
1993
1992
2004
2018
2012
2005
1996
1981
1973
1979
1983
1988
1998
2000
1981
1972
1976
1984
2004
2027
2038
2036
2026
2005
1988
1973
1976
1991
2008
2019
2022
2019
2022
2021
2012
2005
2012
2012
2025
2024
2012
1997
1985
1996
2017
2040
2055
2049
2041
2034
2019
2001
1992
2009
2033
2040
2020
1999
1980
1974
1983
1982
1997
2005
2003
2011
2006
2006
2012
2028
2047
2058
2059
2052
2044
2035
2032
2028
2039
2067
2077
2071
2069
2063
2055
2044
2047
2060
2065
2059
2050
2033
2024
2010
2016
2029
2043
2045
2036
2022
2013
2017
2021
2023
2041
2051
2045
2035
2014
1988
1967
1985
2013
2036
2041
2036
2016
2007
1998
2004
2016
2043
2056
2059
2054
2049
2042
2039
2039
2053
2063
2059
2058
2057
2083
2122
2136
2160
2210
2245
2271
2300
2320
2318
2312
2310
2297
2258
2185
2118
2070
2021
1960
1892
1859
1844
1843
1844
1842
1856
1880
1886
1897
1925
1966
1996
2004
2006
1996
1987
1991
2014
2046
2074
2078
2071
2054
2046
2043
2035
2039
2045
2068
2073
2062
2058
2057
2052
2069
2106
2120
2110
2118
2128
2121
2103
2094
2093
2114
2122
2123
2104
2096
2089
2093
2098
2111
2115
2114
2104
2103
2099
2102
2116
2124
2135
2130
2122
2119
2116
2112
2118
2125
2138
2154
2159
2160
2161
2157
2162
2164
2181
2204
2206
2190
2187
2184
2179
2176
2183
2188
2199
2205
2207
2208
2209
2220
2225
2248
2277
2288
2283
2281
2283
2278
2269
2277
2285
2298
2295
2282
2263
2257
2261
2276
2289
2298
2298
2292
2277
2259
2246
2241
2246
2249
2249
2237
2220
2203
2189
2178
2171
2159
2137
2125
2122
2103
2090
2086
2085
2076
2078
2076
2048
2023
1995
1967
1946
1953
1976
1986
1989
1980
1961
1946
1944
1952
1954
1951
1954
1958
1957
1960
1958
1955
1947
1953
1965
1976
1974
1973
1967
1959
1948
1956
1963
1969
1970
1961
1964
1966
1969
1961
1962
1966
1970
1975
1972
1955
1934
1919
1932
1959
1976
1978
1966
1955
1946
1945
1950
1960
1972
1973
1981
1981
1977
1969
1984
2001
1995
1986
1983
1969
1955
1949
1946
1963
1985
2005
2011
2007
1989
1979
1978
1979
1983
1993
1984
1966
1952
1956
1960
1965
1968
1984
2003
2002
1989
1974
1972
1966
1966
1973
1980
1970
1973
1977
1972
1975
1986
2005
2022
2026
2024
2013
2005
1982
1969
1966
1984
2002
2000
1983
1974
1966
1970
1985
2000
2007
2002
1999
1996
1991
1974
1968
1970
1971
1972
1989
1989
1974
1963
1954
1956
1966
1973
1981
1974
1959
1932
1912
1901
1905
1921
1925
1918
1922
1941
1971
2016
2069
2136
2219
2308
2402
2529
2665
2792
2908
3023
3098
3138
3133
3104
3065
2988
2858
2708
2535
2349
2186
2047
1941
1855
1807
1778
1749
1728
1715
1700
1666
1620
1587
1582
1607
1637
1676
1706
1721
1732
1746
1753
1762
1778
1803
1828
1850
1862
1872
1890
1904
1927
1953
1966
1956
1949
1946
1945
1949
1958
1960
1965
1977
1988
1994
1993
1995
2001
1995
1993
1997
1995
1974
1959
1962
1974
1978
1989
1997
2000
2007
2006
1993
1979
1976
1979
1989
1998
2008
2015
2021
2011
2006
2007
2009
2010
2016
2015
2000
1980
1969
1965
1969
1971
1991
2010
2012
2013
2019
2040
2044
2047
2052
2060
2048
2028
2009
2005
1998
2012
2023
2026
2024
2030
2039
2046
2040
2035
2038
2050
2065
2069
2066
2052
2028
2023
2037
2055
2085
2106
2108
2104
2097
2093
2097
2108
2113
2103
2098
2095
2092
2082
2073
2069
2080
2092
2101
2084
2061
2036
2014
2000
2012
2030
2032
2025
2005
1977
1954
1937
1949
1970
1985
1994
1994
2002
2005
1996
1994
2012
2029
2033
2016
1999
1987
1974
1953
1947
1963
1970
1989
2007
2019
2018
2012
1999
2009
2015
2001
1991
1988
1977
1953
1927
1938
1969
1994
1999
1994
1980
1981
1975
1976
1987
1996
1996
1999
1989
1988
1989
1987
1995
2003
2022
2020
2008
1996
1991
1985
1984
1992
2012
2027
2027
2016
2002
1993
1996
2007
2021
2024
2020
2000
1985
1994
2013
2024
2027
2029
2019
1997
1979
1974
1953
1946
1967
1987
2002
2004
2003
2008
2002
1990
1994
2017
2027
2036
2034
2022
2001
1996
1989
1996
2003
2012
2012
2010
2000
1994
1990
1988
1997
2011
2018
2011
2010
2004
1993
1983
1982
2007
2034
2031
2008
1983
1976
1984
1988
2012
2042
2051
2050
2039
2010
1986
1981
2004
2019
2028
2032
2033
2017
1999
1986
1999
2020
2034
2040
2037
2026
2009
1989
1985
1978
1993
1990
1979
1983
1987
1996
2023
2039
2058
2070
2064
2044
2021
2013
2008
2012
2020
2038
2055
2072
2069
2044
2021
2015
2013
2009
2017
2027
2033
2026
2018
2019
2014
2021
2039
2053
2041
2023
2025
2032
2034
2026
2023
2013
2010
2008
1999
1989
1994
2009
2035
2056
2062
2059
2051
2038
2023
2012
2013
2026
2055
2072
2073
2062
2045
2022
2006
2008
2019
2031
2044
2049
2034
1998
1986
1990
2001
2012
2010
2011
2021
2027
2037
2049
2050
2054
2051
2053
2049
2057
2052
2032
2035
2054
2053
2033
2014
2011
2022
2021
2019
2021
2040
2058
2057
2039
2035
2027
2011
2003
2007
2020
2033
2028
2024
2021
2016
2021
2035
2045
2047
2031
2017
2026
2043
2049
2068
2098
2111
2105
2079
2058
2047
2036
2033
2032
2039
2057
2063
2061
2056
2051
2053
2056
2048
2055
2060
2052
2045
2051
2053
2050
2055
2067
2066
2050
2050
2044
2028
2009
2005
2000
2015
2032
2044
2041
2035
2030
2031
2048
2066
2064
2043
2036
2041
2029
2023
2024
2027
2028
2021
2023
2019
2002
1998
2009
2029
2072
2101
2117
2129
2170
2210
2254
2303
2344
2363
2374
2376
2364
2324
2273
2223
2181
2143
2093
2029
1970
1908
1868
1868
1891
1919
1939
1949
1942
1936
1931
1933
1955
2007
2030
2031
2027
2037
2045
2044
2029
2026
2033
2041
2040
2050
2048
2044
2030
2029
2037
2057
2081
2088
2081
2068
2051
2043
2050
2050
2059
2068
2077
2074
2076
2078
2085
2087
2101
2102
2107
2104
2091
2074
2070
2076
2101
2126
2133
2125
2107
2098
2092
2108
2131
2147
2134
2104
2069
2056
2067
2091
2118
2136
2149
2148
2139
2139
2139
2133
2140
2159
2163
2157
2153
2157
2161
2156
2149
2152
2169
2181
2191
2203
2217
2224
2213
2205
2215
2217
2213
2202
2197
2184
2174
2180
2208
2237
2255
2254
2263
2272
2271
2269
2273
2274
2279
2276
2250
2231
2221
2216
2215
2236
2245
2246
2226
2214
2191
2156
2131
2124
2127
2125
2113
2103
2103
2101
2070
2054
2053
2058
2064
2052
2040
2024
2007
1992
1987
1987
1985
1996
2020
2022
2018
2000
1973
1964
1968
1966
1970
1951
1931
1915
1908
1919
1938
1961
1984
1996
1990
1973
1960
1961
1973
1992
2002
1997
1974
1959
1956
1967
1981
1998
2001
1996
1964
1945
1948
1964
1974
1976
1978
2003
2014
1995
1985
1978
1979
1990
1990
1987
1991
2005
2010
2003
2001
2000
2006
2005
2007
1999
1990
1981
1974
1965
1974
1987
2000
1999
1994
1984
1972
1965
1970
1984
2008
2000
1980
1971
1972
1968
1978
1997
2007
2003
1993
1984
1976
1977
1977
1987
1999
2013
2023
2030
2030
2032
2015
1996
1987
1996
2003
1997
1989
1988
1972
1967
1983
1997
2019
2030
2023
2002
1988
1986
1996
2006
2021
2023
2017
2007
2002
1993
1985
1974
1984
1983
1984
1977
1972
1960
1949
1942
1953
1982
1995
1997
2002
1998
1995
1988
1990
2003
2009
2016
2013
2008
2001
2001
1993
1992
2002
2012
2002
1982
1964
1966
1969
1984
1999
2016
2021
2013
1994
1971
1964
1981
2012
2040
2054
2053
2032
2002
1989
1987
2008
2017
2018
1999
1994
1991
1992
1981
1973
1969
1986
2006
2020
2027
2035
2023
2026
2037
2052
2067
2065
2058
2043
2023
2010
2016
2026
2046
2062
2071
2063
2049
2021
2004
2001
2020
2036
2034
2022
2014
2016
2006
2000
2004
2000
2004
2017
2020
2020
2022
2024
2016
2019
2030
2034
2025
2015
2002
1994
1987
1995
2006
2025
2034
2044
2039
2021
1985
1966
1977
2010
2031
2043
2043
2039
2038
2040
2083
2130
2159
2192
2235
2275
2319
2348
2371
2376
2378
2353
2306
2246
2193
2125
2063
2003
1952
1898
1854
1827
1825
1838
1855
1884
1914
1928
1918
1916
1924
1942
1959
1982
2013
2043
2045
2029
2028
2047
2047
2038
2046
2074
2093
2100
2114
2098
2064
2052
2052
2057
2063
2063
2073
2077
2072
2062
2066
2084
2100
2112
2125
2116
2100
2075
2076
2086
2101
2121
2136
2125
2117
2106
2104
2112
2118
2120
2137
2132
2130
2126
2122
2118
2115
2123
2144
2156
2148
2146
2140
2135
2134
2149
2172
2181
2155
2150
2157
2165
2160
2160
2172
2196
2210
2217
2208
2204
2209
2217
2231
2261
2280
2272
2254
2246
2243
2235
2239
2253
2282
2301
2297
2271
2248
2236
2239
2257
2281
2293
2309
2303
2277
2257
2251
2243
2245
2258
2271
2265
2260
2241
2215
2191
2174
2170
2173
2168
2149
2124
2085
2056
2048
2055
2062
2062
2046
2020
2006
2002
1994
1988
1978
1974
1976
1979
1967
1953
1937
1934
1943
1961
1966
1958
1958
1953
1939
1926
1951
1967
1963
1949
1945
1949
1953
1953
1963
1968
1964
1950
1943
1930
1923
1924
1945
1968
1977
1974
1963
1966
1974
1965
1959
1950
1952
1956
1957
1951
1951
1954
1959
1964
1967
1980
1975
1968
1957
1950
1940
1936
1946
1974
1987
1988
1984
1990
1985
1967
1969
1983
1992
1992
1981
1959
1947
1955
1962
1973
1992
2011
2010
1994
1984
1978
1975
1971
1985
2005
2011
1995
1981
1962
1945
1924
1934
1958
1991
2010
2015
2017
2013
2001
1978
1968
1978
1996
1989
1972
1967
1970
1957
1956
1956
1966
1982
1987
1976
1977
1984
1988
1994
2013
2019
2007
1993
1974
1946
1915
1917
1959
1997
1999
1988
1986
1987
1989
1998
2005
2026
2028
2011
1999
1993
1972
1961
1974
1995
2015
2024
2016
2005
2005
1992
1976
1976
1994
2004
2004
1988
1986
1985
1985
2000
2010
2013
2021
2015
2002
1987
1989
1996
2014
2025
2015
2013
2015
2008
2013
2018
2036
2050
2053
2045
2021
2012
1997
1991
1999
2006
2020
2043
2053
2054
2041
2033
2024
2035
2058
2071
2047
2026
2008
2001
2001
2009
2027
2043
2045
2036
2030
2020
2010
2011
2028
2034
2031
2009
2008
2017
2019
2003
1997
2001
2016
2023
2031
2042
2027
2004
1995
2001
2017
2032
2025
2006
1999
1998
1996
2007
2013
2020
2021
2023
2021
2037
2055
2094
2145
2172
2193
2223
