2130
2135
2162
2206
2236
2247
2220
2173
2133
2147
2190
2223
2257
2280
2267
2237
2223
2219
2242
2306
2332
2341
2345
2316
2276
2258
2246
2235
2268
2300
2320
2313
2281
2237
2206
2197
2201
2207
2216
2200
2154
2102
2075
2074
2082
2092
2102
2103
2078
2017
1963
1931
1931
1962
2019
2049
2047
2020
1969
1944
1942
1947
1957
1994
2026
2011
1965
1931
1911
1893
1882
1903
1947
1974
1965
1940
1918
1892
1871
1911
1966
2000
2019
1993
1961
1927
1906
1904
1924
1969
1990
1975
1942
1909
1892
1888
1909
1943
1992
1996
1961
1952
1949
1947
1954
1973
2007
2036
2034
2004
1967
1946
1933
1922
1936
1956
1957
1928
1902
1911
1941
1963
2004
2043
2042
2005
1979
1997
1979
1959
1976
2010
2041
2048
2013
1972
1955
1952
1965
1993
2054
2064
2023
1969
1933
1928
1924
1937
1998
2046
2027
1968
1938
1919
1916
1936
1959
1994
2018
2026
2009
1971
1947
1932
1948
1990
2008
1980
1953
1954
1946
1939
1927
1937
1991
2033
2011
1987
1976
1985
1991
2002
2016
2037
2024
1978
1936
1918
1912
1920
1957
2007
2014
1979
1949
1947
1952
1994
2045
2079
2101
2091
2055
2004
1998
2016
2041
2070
2106
2106
2076
2059
2053
2042
2028
2012
2047
2074
2093
2093
2065
2048
2033
2028
2061
2096
2097
2042
1997
1973
1965
1981
2007
2052
2075
2060
2018
1978
1960
1959
1970
2012
2068
2091
2066
2034
2009
1989
1985
2012
2062
2108
2090
2033
2008
2008
1991
1996
2030
2056
2084
2085
2071
2060
2041
2031
2052
2099
2159
2184
2195
2218
2243
2266
2300
2345
2388
2393
2354
2295
2234
2170
2117
2083
2080
2063
1987
1880
1791
1744
1744
1757
1808
1890
1934
1937
1932
1929
1928
1943
1998
2065
2111
2098
2044
2017
2013
2011
2032
2075
2102
2083
2049
2030
2014
2020
2021
2034
2075
2090
2101
2086
2073
2062
2053
2047
2061
2089
2112
2100
2084
2068
2068
2066
2091
2112
2120
2097
2057
2030
2015
2016
2045
2097
2138
2174
2195
2182
2154
2119
2124
2184
2259
2282
2240
2196
2169
2135
2118
2137
2188
2244
2255
2217
2162
2131
2109
2112
2140
2174
2201
2201
2177
2150
2148
2139
2156
2206
2245
2253
2240
2214
2194
2182
2186
2215
2256
2300
2308
2281
2250
2216
2229
2266
2273
2281
2304
2300
2294
2268
2256
2260
2288
2352
2373
2344
2310
2269
2235
2221
2220
2271
2301
2269
2199
2156
2137
2125
2125
2147
2162
2148
2112
2061
2015
1981
1980
1996
2013
2016
1992
1972
1958
1943
1944
1950
1979
1990
1985
1957
1912
1880
1877
1882
1905
1962
2025
2040
2037
2009
1952
1918
1910
1931
1975
2007
2000
1985
1971
1941
1927
1959
1990
2002
1992
1956
1921
1897
1882
1903
1958
2020
2022
2012
1989
1974
1962
1947
1945
1966
1971
1961
1935
1916
1908
1903
1925
1964
2030
2062
2053
2018
1983
1963
1951
1958
1996
2018
2010
1969
1941
1925
1930
1927
1949
1996
2020
2008
1985
1950
1936
1949
1972
2008
2044
2060
2016
1949
1919
1933
1946
1978
2017
2049
2034
1998
1957
1938
1931
1964
2011
2042
2037
1994
1948
1917
1902
1916
1958
1994
2019
2024
1999
1960
1930
1922
1934
1986
2027
2030
2017
1991
1963
1925
1929
1960
1982
2003
1995
1970
1959
1962
1980
2005
2041
2064
2040
1996
1987
1972
1968
1984
2023
2054
2047
2016
1991
2002
1998
1977
1971
2014
2042
2026
1985
1957
1943
1945
1964
2003
2034
2035
2013
1995
1976
1948
1939
1970
2026
2071
2076
2051
2016
1978
1954
1969
1984
2039
2048
2025
1989
1956
1932
1931
1968
1990
1988
1974
1963
1950
1935
1930
1966
2021
2065
2072
2037
1998
1982
1979
1991
2032
2093
2143
2163
2178
2203
2220
2227
2228
2253
2284
2284
2242
2183
2107
2036
1975
1918
1900
1897
1875
1844
1852
1882
1841
1804
1795
1816
1857
1864
1871
1890
1913
1938
1955
2000
2053
2059
2025
2002
1993
1990
1999
2028
2059
2061
2026
2004
1997
2014
2019
2030
2062
2081
2084
2073
2042
2034
2043
2074
2137
2163
2169
2137
2092
2050
2036
2031
2043
2097
2178
2176
2125
2079
2056
2031
2035
2077
2138
2165
2136
2089
2055
2065
2088
2136
2180
2195
2156
2131
2121
2114
2115
2124
2142
2172
2184
2164
2136
2132
2122
2135
2171
2225
2254
2245
2199
2168
2159
2152
2171
2209
2245
2253
2226
2195
2181
2185
2205
2233
2286
2326
2326
2296
2261
2229
2222
2230
2268
2295
2288
2271
2252
2240
2236
2239
2269
2299
2310
2287
2253
2228
2203
2181
2199
2225
2228
2201
2155
2103
2076
2070
2073
2097
2117
2117
2089
2058
2021
2014
2006
2013
2049
2070
2038
1972
1929
1900
1898
1907
1931
1962
1987
1969
1932
1900
1895
1909
1934
1983
2005
1994
1958
1929
1921
1922
1938
1969
2009
2021
1993
1951
1935
1924
1926
1931
1961
1995
1991
1940
1899
1885
1883
1901
1951
2003
2020
1990
1947
1910
1893
1909
1961
2027
2073
2066
2024
1985
1958
1940
1937
1968
2014
2029
2009
1982
1972
1967
1960
1969
1983
1996
1993
1977
1965
1939
1926
1925
1972
2022
2042
2023
1996
1980
1980
1974
1977
1999
2018
2015
1989
1956
1937
1935
1940
1975
2024
2045
2029
1993
1944
1915
1908
1938
1989
2031
2017
2009
1982
1948
1916
1923
1982
2035
2062
2055
2013
1974
1945
1935
1949
1969
1991
1991
1965
1943
1916
1903
1920
1971
2019
2029
2007
1993
1999
1994
1989
2001
2045
2080
2073
2038
2025
1999
1980
1953
1972
1996
1981
1973
1963
1959
1951
1938
1956
2012
2045
2047
2006
1989
1983
1999
2024
2054
2054
2063
2037
2035
2016
1996
1986
1998
2021
2047
2047
2026
2000
1973
1942
1935
1965
1994
2010
1992
1962
1957
1955
1950
1960
1981
2014
2013
1979
1966
1978
1958
1955
1986
2007
2008
2000
1978
1952
1948
1984
1995
2002
2004
1983
1965
1971
1977
2001
2046
2111
2190
2255
2276
2283
2292
2298
2305
2315
2333
2329
2284
2200
2109
2019
1947
1894
1869
1867
1848
1802
1763
1768
1788
1821
1856
1900
1929
1929
1914
1907
1903
1912
1935
1981
2015
2025
2007
1995
1987
1997
2011
2014
2055
2088
2080
2053
2039
2028
2026
2046
2089
2131
2122
2101
2085
2070
2058
2046
2083
2110
2108
2094
2078
2056
2036
2019
2023
2058
2097
2125
2102
2064
2058
2065
2075
2099
2126
2145
2149
2121
2083
2065
2055
2063
2082
2112
2121
2112
2082
2056
2051
2073
2115
2156
2173
2162
2128
2108
2096
2113
2136
2179
2206
2210
2189
2178
2140
2112
2138
2188
2228
2240
2226
2227
2236
2243
2249
2268
2310
2328
2302
2247
2209
2200
2196
2201
2234
2276
2288
2259
2236
2227
2239
2255
2262
2277
2284
2260
2199
2162
2137
2122
2112
2128
2150
2174
2161
2132
2113
2089
2049
2052
2075
2090
2067
2032
1997
1970
1954
1958
1977
2008
2007
1969
1940
1936
1943
1941
1952
1978
1997
1982
1950
1922
1908
1906
1925
1972
2015
2013
1990
1952
1925
1892
1864
1893
1977
2016
2011
1979
1968
1973
1962
1962
1964
1995
1996
1950
1904
1898
1906
1907
1928
1975
2012
2013
1979
1956
1934
1918
1921
1965
1994
1992
1986
1966
1938
1931
1936
1975
2027
2057
2047
2015
1975
1936
1917
1908
1939
2001
2028
2017
1981
1949
1933
1946
1978
2008
2034
2034
1996
1956
1925
1920
1937
1977
2018
2028
2012
1992
1972
1959
1949
1981
2020
2036
2030
2015
1987
1957
1941
1930
1941
1970
1980
1969
1959
1951
1945
1950
1965
1990
2003
1999
1961
1926
1895
1904
1951
1997
2020
2028
2011
1990
1990
1974
1956
1971
2038
2097
2077
2029
1995
1964
1937
1951
1990
2032
2037
2021
2008
1990
1952
1931
1934
1948
1973
1986
1976
1961
1971
1994
2007
2020
2052
2076
2052
2018
2005
1996
1984
1998
2042
2064
2047
2024
2014
2008
2010
2028
2054
2079
2090
2069
2023
1968
1951
1950
1980
2024
2055
2027
1987
1961
1949
1946
1971
2043
2109
2131
2102
2053
2020
2003
1993
2002
2025
2031
2017
1997
1985
1967
1951
1957
1983
2021
2024
1999
1984
1971
1960
1966
1996
2039
2062
2044
2016
2001
1988
1987
2012
2077
2147
2193
2205
2237
2285
2324
2347
2360
2353
2342
2291
2234
2186
2117
2065
2015
1969
1925
1866
1808
1782
1781
1810
1826
1861
1899
1947
1968
1958
1940
1946
1966
2009
2040
2072
2068
2047
2028
2010
2006
2027
2071
2089
2088
2083
2060
2038
2020
2006
2009
2054
2107
2110
2082
2063
2050
2047
2054
2069
2087
2106
2099
2072
2067
2057
2067
2086
2105
2120
2112
2087
2070
2052
2041
2041
2090
2148
2181
2179
2141
2093
2076
2073
2092
2138
2177
2176
2155
2139
2111
2087
2079
2108
2152
2171
2147
2123
2102
2087
2090
2126
2159
2195
2228
2214
2181
2163
2164
2176
2205
2225
2222
2211
2216
2201
2206
2207
2230
2269
2303
2301
2276
2257
2238
2222
2226
2265
2293
2307
2303
2281
2252
2241
2233
2261
2316
2343
2329
2294
2240
2197
2163
2146
2162
2194
2204
2182
2156
2112
2063
2030
2019
2052
2089
2097
2096
2079
2032
1989
1975
1997
2020
2006
1976
1943
1912
1915
1932
1960
2009
2028
2018
1998
1985
1972
1958
1945
1964
1998
2009
1986
1956
1943
1934
1917
1919
1967
1993
1997
1969
1949
1925
1895
1871
1919
1990
2014
1992
1968
1961
1956
1950
1969
2011
2025
1991
1958
1942
1925
1929
1934
1972
2004
2035
2004
1964
1931
1921
1930
1962
1999
2030
2017
1991
1963
1931
1918
1928
1966
2014
2030
2031
2007
1974
1976
1974
1988
2004
2015
2025
2020
1994
1974
1962
1966
1983
2011
2009
1977
1960
1958
1946
1951
1970
2001
2015
1990
1941
1924
1931
1940
1951
1992
2060
2068
2023
1998
1982
1947
1933
1942
1971
2003
2018
1987
1962
1948
1959
1984
2031
2061
2060
2014
1964
1953
1960
1969
1994
2026
2042
2025
1998
1968
1945
1961
1997
2039
2060
2069
2039
2005
1977
1961
1949
1974
1999
2019
2004
1973
1940
1929
1935
1957
2002
2044
2038
1990
1965
1966
1975
1973
1992
2026
2044
2026
2005
1999
2000
2000
1997
2008
2032
2054
2051
2026
2019
2006
2002
2019
2061
2078
2059
2026
2004
2004
2016
2019
2054
2091
2082
2043
2007
1998
1973
1968
1995
2020
2018
2017
2011
2016
1996
2003
2020
2047
2064
2045
2006
1989
1983
1974
1989
2029
2076
2091
2062
2025
1996
1993
1990
2004
2037
2068
2076
2045
2013
1989
1960
1950
1989
2016
2027
2019
2019
2004
1996
1991
2012
2069
2145
2194
2193
2171
2156
2167
2206
2260
2341
2401
2386
2340
2292
2244
2187
2146
2122
2089
2017
1932
1861
1807
1783
1795
1834
1874
1897
1911
1903
1893
1904
1923
1961
2038
2070
2060
2033
2013
1992
1991
1992
2014
2064
2099
2097
2089
2091
2057
2036
2056
2096
2126
2120
2091
2077
2055
2022
2018
2057
2105
2138
2122
2104
2087
2057
2036
2065
2100
2135
2140
2112
2098
2088
2080
2071
2094
2143
2164
2132
2089
2050
2027
2008
2033
2072
2108
2113
2088
2083
2105
2107
2116
2153
2189
2189
2145
2112
2101
2097
2105
2158
2212
2239
2216
2190
2182
2191
2170
2171
2202
2265
2288
2281
2267
2263
2259
2266
2275
2301
2325
2306
2265
2239
2205
2183
2185
2214
2267
2300
2289
2264
2251
2251
2247
2276
2313
2334
2331
2300
2280
2265
2251
2224
2231
2259
2253
2218
2210
2192
2157
2120
2105
2108
2103
2078
2048
2042
2023
2011
2013
2039
2060
2061
2039
2022
2000
1967
1944
1964
1998
2006
1995
1973
1949
1937
1938
1964
1997
2029
2023
1995
1991
1999
1985
1976
1988
2015
2027
2002
1957
1918
1900
1910
1925
1967
2020
2030
2000
1954
1927
1924
1947
1982
2047
2058
2034
1996
1954
1924
1928
1979
2038
2064
2057
2033
1999
1970
1956
1968
1982
2007
2022
2020
2000
1985
1972
1970
1988
2014
2022
2009
1983
1949
1937
1939
1937
1957
2000
2029
2020
1998
1991
1976
1966
1969
2002
2051
2068
2035
1981
1954
1967
1954
1958
1993
2014
1998
1972
1963
1958
1953
1980
2003
2032
2039
2026
2004
1991
2007
2028
2055
2065
2052
2027
1999
1967
1950
1949
1981
2026
2062
2052
2021
1971
1940
1931
1948
2004
2039
2048
2047
2031
2003
1978
1944
1944
1995
2038
2052
2049
2016
1970
1963
1974
1983
2009
2030
2020
1994
1970
1948
1950
1968
2006
2037
2036
2002
1977
1970
1969
1979
2011
2044
2080
2081
2027
1972
1955
1960
1973
2014
2068
2075
2050
2030
2009
1999
1996
2026
2057
2065
2045
2013
1993
1985
1986
2008
2042
2056
2056
2039
2011
2007
2034
2062
2092
2122
2127
2092
2042
2003
1993
1993
2008
2034
2065
2062
2045
2025
2020
1983
1980
2011
2062
2083
2043
1991
1970
1966
1963
1973
2000
2016
2016
2015
1996
2001
2008
2013
2024
2043
2038
2029
2017
1996
1972
1970
1984
2033
2081
2077
2038
2010
2013
2053
2090
2117
2151
2164
2159
2157
2184
2216
2261
2324
2370
2380
2351
2297
2235
2159
2095
2045
2025
2003
1957
1876
1820
1790
1771
1766
1789
1856
1913
1926
1903
1898
1921
1939
1954
1997
2047
2073
2058
2022
1996
1984
1981
2006
2032
2071
2080
2048
2015
2010
2021
2050
2082
2125
2138
2111
2075
2044
2021
2014
2033
2074
2110
2115
2081
2052
2051
2060
2061
2084
2128
2148
2129
2078
2033
2025
2033
2081
2126
2147
2134
2097
2071
2057
2075
2089
2108
2137
2121
2099
2080
2088
2097
2113
2158
2213
2242
2241
2197
2161
2116
2114
2127
2167
2228
2258
2235
2205
2174
2158
2144
2166
2207
2243
2235
2202
2168
2173
2199
2208
2230
2280
2309
2304
2302
2281
2268
2248
2238
2258
2320
2332
2309
2277
2259
2220
2215
2242
2292
2305
2295
2280
2276
2229
2196
2192
2213
2214
2183
2154
2123
2090
2063
2062
2078
2098
2096
2070
2030
1992
1965
1973
2000
2034
2035
2016
2003
1997
1983
1974
1971
1992
2017
2022
2000
1969
1944
1908
1873
1893
1941
1960
1947
1919
1904
1898
1918
1953
1999
2033
2026
2015
1989
1936
1919
1915
1945
1985
2011
1992
1970
1941
1911
1908
1930
1987
2024
2025
1980
1940
1910
1897
1894
1907
1939
1981
1991
1959
1918
1903
1915
1948
1998
2032
2036
2017
1984
1949
1921
1927
1963
2016
2030
2008
1961
1938
1924
1910
1925
1973
2022
2027
2001
1971
1947
1925
1927
1950
1995
2015
2005
1974
1939
1911
1904
1922
1982
2026
2042
2012
1995
2001
1976
1954
1980
2037
2047
2025
1993
1974
1950
1938
1962
1995
2023
2052
2032
2018
1988
1946
1940
1974
2004
2010
1978
1944
1918
1911
1911
1929
1962
1999
2003
1991
1980
1974
1968
1966
1984
2028
2062
2024
1990
1956
1929
1910
1938
1977
2014
2027
2009
1985
1977
1958
1949
1973
1995
2000
1979
1965
1954
1963
1969
1983
2008
2046
2056
2043
2041
2042
2001
1965
1973
1999
1999
1977
1951
1936
1925
1922
1942
1980
1997
1988
1965
1948
1943
1949
1953
1986
2035
2064
2063
2053
2050
2039
2031
2033
2042
2069
2086
2060
2026
1992
1967
1977
1984
2018
2035
2012
2003
2001
1998
1997
2009
2029
2051
2032
1989
1969
1975
1993
1996
2020
2044
2043
2016
1982
1960
1968
1991
2022
2041
2046
2023
1991
1971
1952
1948
1956
1995
2038
2059
2041
1991
1938
1927
1941
1975
2028
2056
2055
2049
2041
2066
2116
2179
2248
2324
2363
2343
2296
2256
2228
2204
2184
2165
2144
2102
2029
1946
1883
1843
1817
1814
1829
1840
1825
1804
1794
1786
1823
1864
1919
1980
2021
1996
1976
1979
2004
2012
2034
2083
2088
2069
2066
2048
2039
2037
2068
2086
2088
2059
2021
1993
1970
1965
1989
2053
2106
2125
2096
2067
2061
2060
2052
2083
2112
2110
2077
2039
2019
2002
1991
2026
2082
2133
2161
2153
2122
2114
2114
2088
2086
2109
2135
2115
2081
2081
2096
2093
2107
2116
2125
2126
2121
2105
2070
2041
2046
2090
2150
2185
2187
2166
2148
2136
2144
2164
2197
2224
2225
2201
2171
2142
2119
2126
2162
2215
2250
2262
2248
2240
2233
2228
2235
2250
2274
2284
2261
2242
2224
2201
2179
2210
2255
2262
2239
2228
2222
2213
2227
2234
2254
2284
2290
2261
2230
2205
2193
2177
2170
2177
2193
2162
2108
2075
2035
1987
1973
2005
2047
2038
1997
1959
1941
1938
1945
1958
1977
1989
1957
1935
1913
1905
1902
1928
1965
2006
2020
2010
1983
1956
1929
1912
1947
1995
2017
1998
1967
1942
1934
1922
1894
1899
1945
1981
1974
1978
1981
1963
1956
1981
2022
2034
2011
1968
1942
1916
1901
1911
1946
1981
1981
1966
1949
1929
1909
1910
1940
1991
2024
2009
1990
1957
1944
1961
1981
2015
2044
2043
2013
1960
1934
1909
1915
1962
2020
2069
2086
2057
2027
2000
1989
1994
1991
1995
1995
1981
1954
1940
1941
1957
1984
2009
2020
1999
1982
1968
1960
1957
1975
1995
2014
2004
1971
1939
1947
1965
1975
2002
2050
2084
2047
1987
1954
1948
1950
1958
1998
2034
2031
2015
2003
1980
1966
1981
2008
2025
2021
2007
1977
1955
1946
1957
1989
2030
2036
2015
1977
1955
1930
1921
1932
1986
2032
2047
2022
1996
1981
1977
1981
2000
2049
2047
2011
1982
1975
1985
2007
2032
2087
2112
2093
2030
1981
1944
1928
1917
1939
1988
2035
2033
2012
1991
1971
1956
1958
1986
2015
2034
2010
1976
1968
1977
1982
2004
2032
2058
2039
2003
1982
1969
1955
1979
2035
2087
2112
2093
2051
2018
1998
2005
2031
2086
2098
2075
2047
2033
2024
2013
2015
2019
2040
2043
2043
2045
2058
2067
2076
2067
2081
2092
2071
2033
2007
1986
1974
1981
2013
2040
2041
2004
1970
1958
1960
1963
1981
2023
2053
2044
2011
1996
1981
1983
2006
2041
2060
2036
1983
1969
1978
1990
2007
2051
2076
2083
2068
2034
1997
1984
1994
2025
2079
2139
2171
2190
2221
2256
2284
2311
2348
2369
2358
2307
2253
2204
2163
2124
2089
2061
2028
1973
1876
1831
1816
1822
1844
1886
1952
1973
1968
1933
1909
1906
1918
1966
2020
2059
2071
2078
2062
2040
2018
2005
2009
2038
2077
2083
2052
2027
1997
1988
2008
2051
2082
2087
2064
2043
2027
2027
2011
2016
2068
2130
2156
2133
2094
2074
2082
2085
2096
2112
2112
2103
2107
2107
2102
2084
2093
2118
2127
2113
2099
2085
2068
2074
2124
2160
2191
2188
2159
2140
2122
2113
2123
2145
2158
2147
2120
2092
2079
2088
2098
2120
2174
2211
2218
2193
2164
2157
2160
2181
2217
2264
2293
2281
2241
2217
2183
2151
2169
2216
2266
2268
2222
2203
2201
2195
2213
2263
2324
2346
2310
2257
2220
2205
2204
2213
2242
2271
2276
2248
2226
2205
2191
2183
2220
2260
2276
2233
2184
2171
2148
2138
2152
2166
2166
2155
2113
2076
2038
2011
2004
2023
2043
2034
1993
1965
1942
1922
1921
1963
2023
2057
2038
1989
1948
1922
1905
1905
1958
1994
2000
1976
1939
1924
1903
1898
1930
1985
2029
2009
1980
1950
1925
1906
1909
1946
1996
2032
2025
1988
1965
1938
1923
1938
1972
1997
1989
1960
1939
1929
1931
1959
2001
2043
2064
2042
2003
1968
1945
1925
1935
1964
1988
2005
1997
1985
1980
2005
2027
2038
2052
2035
1984
1934
1925
1932
1956
1992
2036
2050
2030
1981
1974
1992
1998
2005
2039
2061
2036
1970
1925
1917
1928
1947
1974
2007
2043
2055
2020
1976
1945
1929
1932
1968
2009
2018
1981
1950
1941
1947
1945
1955
1989
2004
1987
1960
1935
1924
1931
1952
2002
2053
2071
2052
2030
2007
1983
1973
1991
1998
2003
1978
1946
1937
1947
1957
1999
2049
2089
2098
2069
2025
1984
1940
1954
1989
2020
2033
2023
1989
1970
1968
1960
1961
2002
2038
2050
2032
1994
1956
1942
1942
1957
2009
2054
2030
1986
1968
1957
1927
1911
1962
2022
2064
2066
2039
2017
2000
1987
2018
2060
2082
2037
1991
1973
1977
1981
2000
2025
2050
2050
2025
2000
1984
1970
1941
1954
2007
2049
2040
2013
1988
1969
1963
1994
2049
2085
2081
2034
2026
2038
2045
2036
2060
2106
2135
2116
2064
2013
1975
1943
1945
2002
2085
2118
2114
2080
2048
2014
1995
2017
2060
2086
2079
2053
2029
2008
2000
2001
2029
2057
2049
2017
1997
1983
1962
1958
1976
2012
2030
2011
1981
1970
1968
1989
2014
2042
2068
2069
2051
2027
2008
2035
2058
2105
2154
2215
2263
2313
2336
2365
2379
2373
2378
2365
2322
2253
2189
2117
2047
1997
1972
1949
1908
1848
1802
1787
1794
1808
1854
1907
1957
1976
1972
1979
1981
1957
1950
1986
2016
2020
2015
2035
2059
2106
2124
2123
2141
2160
2135
2095
2054
2022
2007
2015
2043
2074
2099
2090
2074
2086
2077
2064
2061
2082
2101
2098
2087
2079
2070
2063
2057
2065
2099
2115
2104
2080
2059
2028
2027
2072
2124
2148
2154
2108
2062
2040
2033
2059
2117
2161
2194
2169
2132
2108
2097
2101
2118
2144
2165
2191
2179
2156
2147
2155
2160
2186
2227
2249
2218
2179
2189
2210
2215
2241
2292
2341
2326
2270
2224
2226
2240
2259
2316
2372
2389
2316
2239
2215
2219
2213
2223
2256
2300
2293
2262
2236
2226
2219
2225
2241
2264
2277
2250
2218
2198
2186
2186
2208
2239
2246
2217
2177
2145
2123
2096
2083
2101
2133
2138
2103
2075
2040
2008
1985
1975
1987
1989
1979
1945
1914
1899
1915
1941
2000
2035
2036
2037
2033
2013
2009
2009
2023
2052
2065
2048
2000
1959
1931
1931
1947
1960
1980
2020
2021
1977
1922
1904
1902
1920
1959
2006
2011
1982
1962
1958
1964
1967
1985
2011
2007
1985
1956
1953
1974
1967
1956
1958
1977
1990
1995
1966
1970
1984
2008
2034
2050
2049
2024
1990
1956
1941
1948
1971
2021
2055
2043
2003
1980
1948
1932
1939
1969
2007
2025
2012
1985
1973
1957
1955
1959
1990
2010
1992
1975
1991
1979
1966
1963
2001
2034
2046
2034
2013
1998
1990
1979
1987
1999
2010
2013
2008
2003
1992
1971
1966
1991
2019
2024
2000
1968
1941
1943
1957
1989
2024
2037
2000
1964
1940
1927
1937
1961
2000
2045
2042
2009
1980
1975
1968
1944
1962
2022
2062
2053
2022
2003
1990
1969
1970
2027
2069
2044
2017
1995
1978
1959
1977
2004
2047
2071
2047
2012
1986
1970
1945
1958
1986
2019
2026
2007
1976
1957
1945
1925
1945
2014
2062
2060
2045
2027
1994
1986
1985
2018
2042
2027
1997
1988
1979
1991
2002
2039
2081
2102
2092
2059
2036
2023
2037
2057
2060
2061
2052
2029
2011
2011
2011
1999
2009
2050
2082
2069
2028
2005
1981
1958
1960
1992
2041
2051
2024
2002
2001
2015
2012
2018
2043
2071
2054
2012
1981
1969
1952
1949
1982
2024
2044
2042
2031
2010
1982
1971
1976
1991
2009
2026
2033
2038
2085
2117
2103
2112
2167
2209
2227
2228
2223
2228
2236
2253
2284
2294
2274
2219
2141
2072
2003
1941
1925
1911
1881
1837
1816
1808
1808
1824
1869
1924
1953
1945
1930
1931
1933
1930
1943
1998
2045
2061
2041
2021
1994
1969
1978
2051
2110
2121
2068
2026
2020
2037
2056
2097
2134
2147
2120
2085
2044
2016
2008
2028
2063
2088
2104
2085
2059
2042
2033
2036
2065
2103
2136
2138
2129
2106
2089
2067
2061
2089
2140
2172
2172
2144
2111
2083
2065
2066
2105
2141
2114
2098
2095
2111
2133
2143
2161
2200
2206
2161
2110
2104
2120
2142
2165
2210
2236
2229
2189
2150
2131
2145
2172
2217
2254
2271
2257
2237
2226
2199
2186
2194
2220
2255
2271
2249
2235
2236
2250
2260
2293
2318
2306
2255
2219
2214
2217
2235
2271
2306
2324
2300
2257
2217
2185
2164
2161
2194
2226
2221
2191
2164
2130
2106
2109
2123
2144
2160
2129
2068
2011
1976
1961
1961
1994
2025
2015
1985
1965
1956
1950
1942
1952
1968
1997
1974
1932
1903
1895
1900
1918
1950
1985
1988
1947
1914
1915
1924
1948
1964
1970
1983
1958
1914
1871
1858
1888
1938
1990
2017
2018
2007
2004
1990
1965
1960
1958
1957
1972
1977
1965
1941
1936
1950
1959
1981
2003
2013
1991
1964
1948
1953
1958
1976
2005
2038
2033
2010
1966
1930
1906
1917
1979
2021
2019
1971
1935
1911
1898
1906
1941
1984
