1664
1731
1738
1750
1760
1767
1779
1791
1803
1813
1823
1834
1850
1862
1875
1886
1892
1897
1902
1915
1928
1945
1956
1973
1985
1998
2011
2022
2039
2049
2064
2074
2086
2092
2095
2097
2101
2099
2109
2114
2114
2112
2110
2111
2107
2111
2107
2106
2098
2096
2084
2072
2066
2055
2050
2046
2035
2034
2024
2019
2013
2004
1999
1997
1993
1982
1983
1973
1968
1960
1953
1948
1945
1940
1931
1929
1918
1909
1907
1900
1897
1889
1882
1876
1870
1863
1854
1849
1844
1843
1836
1836
1830
1819
1811
1804
1797
1794
1791
1783
1780
1773
1772
1765
1764
1763
1756
1749
1741
1731
1721
1716
1711
1710
1707
1705
1702
1701
1700
1698
1698
1697
1698
1697
1699
1702
1700
1701
1701
1706
1713
1701
1707
1700
1694
1688
1680
1677
1673
1675
1670
1670
1664
1669
1674
1674
1675
1670
1671
1670
1670
1669
1673
1674
1673
1680
1686
1693
1697
1700
1704
1705
1709
1720
1720
1723
1723
1722
1720
1720
1719
1716
1723
1726
1732
1731
1736
1740
1747
1750
1753
1766
1766
1764
1766
1762
1762
1754
1751
1749
1755
1749
1751
1754
1753
1755
1758
1756
1756
1753
1749
1748
1749
1748
1738
1731
1727
1724
1733
1749
1770
1787
1803
1808
1820
1828
1838
1844
1819
1805
1795
1800
1810
1832
1858
1877
1906
1937
1965
1990
2016
2041
2065
2089
2107
2129
2146
2164
2178
2188
2204
2214
2226
2231
2242
2248
2250
2256
2258
2264
2270
2268
2271
2268
2266
2256
2236
2225
2216
2223
2222
2239
2239
2241
2241
2238
2237
2229
2222
2208
2188
2178
2171
2167
2160
2155
2147
2137
2125
2110
2096
2070
2051
2040
2034
2023
2012
2001
1984
1971
1953
1944
1932
1917
1906
1892
1878
1864
1854
1840
1825
1816
1803
1790
1781
1767
1753
1741
1734
1724
1717
1705
1697
1689
1681
1673
1667
1661
1655
1646
1641
1643
1641
1645
1645
1651
1655
1664
1667
1679
1685
1682
1695
1720
1748
1771
1802
1829
1856
1882
1910
1946
1976
2011
2045
2080
2120
2160
2202
2240
2286
2329
2376
2420
2468
2512
2560
2610
2660
2708
2757
2799
2845
2888
2934
2972
3015
3061
3103
3146
3182
3217
3256
3289
3322
3351
3383
3408
3434
3456
3473
3492
3503
3513
3524
3530
3538
3542
3540
3537
3532
3522
3497
3481
3475
3472
3460
3452
3442
3420
3400
3374
3352
3335
3332
3317
3288
3250
3201
3145
3083
3020
2954
2885
2821
2749
2684
2617
2556
2493
2433
2376
2317
2264
2210
2154
2106
2058
2016
1969
1931
1891
1855
1819
1784
1754
1726
1701
1673
1653
1629
1609
1593
1575
1561
1549
1534
1526
1517
1511
1504
1502
1503
1503
1500
1490
1497
1492
1497
1496
1495
1497
1499
1503
1505
1513
1519
1523
1528
1537
1545
1551
1559
1568
1575
1582
1590
1596
1605
1616
1625
1632
1642
1648
1659
1661
1673
1682
1688
1699
1704
1710
1718
1728
1733
1743
1753
1760
1767
1780
1787
1798
1803
1813
1822
1834
1841
1855
1861
1867
1876
1887
1896
1905
1905
1917
1928
1943
1953
1963
1976
1986
2001
2006
2017
2024
2036
2041
2052
2063
2068
2075
2085
2094
2106
2102
2112
2114
2118
2116
2116
2116
2114
2114
2112
2113
2115
2117
2122
2125
2122
2119
2116
2114
2106
2111
2107
2107
2105
2106
2105
2105
2106
2105
2108
2101
2098
2104
2097
2089
2080
2075
2064
2058
2051
2044
2043
2026
2025
2025
2019
2009
1999
1989
1982
1972
1961
1954
1949
1943
1941
1935
1929
1917
1907
1896
1891
1885
1880
1874
1868
1863
1859
1857
1857
1853
1854
1854
1846
1852
1849
1840
1833
1830
1823
1820
1815
1809
1808
1807
1803
1807
1806
1810
1801
1810
1810
1809
1800
1796
1796
1794
1791
1785
1785
1789
1784
1787
1787
1785
1780
1774
1769
1770
1771
1766
1765
1764
1770
1773
1777
1781
1785
1789
1790
1789
1798
1799
1798
1798
1796
1795
1787
1788
1786
1789
1793
1796
1801
1801
1813
1803
1791
1781
1772
1770
1777
1785
1797
1811
1820
1838
1852
1869
1882
1900
1915
1931
1949
1965
1983
1995
1999
2000
1999
2002
2006
2006
2014
2031
2044
2053
2060
2067
2053
2051
2042
2027
2011
1994
1982
1965
1950
1931
1915
1904
1890
1884
1868
1855
1838
1824
1808
1794
1784
1777
1768
1764
1761
1750
1749
1748
1742
1737
1737
1726
1721
1713
1709
1703
1699
1695
1693
1690
1685
1692
1688
1688
1679
1680
1679
1677
1672
1675
1676
1677
1678
1685
1689
1694
1698
1705
1711
1714
1725
1725
1730
1732
1718
1708
1703
1706
1718
1742
1760
1778
1799
1816
1845
1852
1854
1853
1864
1875
1886
1892
1892
1899
1901
1893
1891
1886
1881
1864
1849
1845
1853
1850
1849
1846
1841
1845
1846
1841
1833
1830
1820
1810
1807
1801
1799
1799
1793
1797
1797
1793
1793
1797
1801
1793
1791
1789
1785
1778
1770
1773
1768
1767
1762
1760
1759
1756
1760
1760
1765
1758
1757
1756
1752
1754
1753
1755
1758
1764
1770
1773
1783
1786
1794
1800
1806
1822
1834
1838
1849
1862
1878
1885
1901
1920
1943
1963
1991
2019
2044
2070
2092
2125
2153
2189
2222
2265
2306
2348
2391
2433
2481
2532
2578
2625
2673
2721
2773
2819
2862
2905
2953
2991
3037
3081
3120
3167
3205
3244
3275
3312
3342
3373
3401
3424
3452
3472
3492
3513
3527
3537
3544
3547
3549
3545
3547
3545
3544
3540
3536
3524
3516
3504
3494
3480
3458
3440
3423
3400
3372
3340
3308
3275
3244
3213
3176
3154
3109
3077
3043
3002
2961
2922
2884
2845
2808
2768
2732
2698
2656
2628
2592
2550
2512
2476
2437
2399
2370
2338
2311
2280
2255
2228
2206
2182
2158
2138
2116
2097
2078
2055
2037
2011
1989
1968
1953
1934
1920
1904
1893
1881
1871
1866
1857
1850
1843
1838
1834
1825
1824
1822
1817
1815
1809
1805
1804
1802
1793
1782
1779
1774
1772
1767
1761
1761
1758
1761
1758
1754
1750
1745
1741
1736
1738
1735
1735
1734
1742
1746
1750
1755
1761
1766
1769
1769
1782
1786
1792
1791
1795
1794
1793
1803
1814
1829
1839
1846
1853
1859
1867
1873
1876
1882
1893
1905
1899
1902
1906
1905
1899
1902
1905
1907
1912
1914
1918
1926
1926
1937
1944
1948
1952
1954
1956
1956
1964
1964
1972
1981
1989
1995
2005
2019
2018
2023
2028
2029
2031
2029
2033
2033
2034
2033
2035
2038
2034
2047
2046
2047
2045
2044
2040
2034
2035
2036
2038
2033
2036
2037
2034
2037
2036
2041
2040
2034
2038
2040
2034
2026
2020
2017
2014
2010
2001
2001
1994
1990
1992
1989
1985
1978
1970
1964
1958
1955
1953
1947
1945
1945
1946
1942
1946
1943
1948
1940
1939
1942
1943
1933
1929
1924
1915
1909
1904
1899
1900
1899
1894
1896
1895
1892
1889
1890
1890
1888
1886
1886
1885
1883
1881
1879
1882
1881
1880
1878
1874
1876
1872
1872
1870
1869
1868
1868
1870
1867
1867
1866
1862
1861
1860
1862
1857
1859
1855
1853
1850
1848
1849
1850
1850
1846
1847
1847
1844
1846
1840
1842
1838
1838
1837
1836
1835
1830
1831
1828
1831
1829
1825
1825
1825
1822
1820
1820
1820
1821
1817
1816
1817
1814
1813
1812
1813
1813
1814
1811
1812
1813
1812
1811
1815
1814
1815
1812
1818
1818
1814
1812
1813
1813
1816
1815
1813
1815
1815
1810
1815
1814
1816
1817
1815
1817
1815
1815
1810
1814
1813
1815
1813
1810
1809
1812
1808
1812
1811
1812
1812
1811
1809
1810
1808
1805
1808
1808
1809
1810
1809
1809
1808
1806
1808
1809
1812
1805
1812
1809
1793
1778
1776
1778
1789
1806
1823
1842
1858
1877
1901
1911
1919
1933
1942
1961
1973
1984
1986
1989
1995
1992
1997
1989
1993
1986
1974
1974
1978
1989
1979
1963
1953
1960
1964
1961
1953
1947
1940
1933
1922
1916
1905
1898
1887
1883
1883
1873
1864
1857
1850
1837
1831
1823
1818
1814
1810
1807
1805
1804
1803
1800
1801
1794
1797
1799
1794
1789
1786
1782
1774
1773
1771
1774
1771
1773
1777
1780
1783
1789
1796
1804
1814
1823
1830
1844
1855
1868
1885
1906
1924
1943
1968
1991
2018
2045
2073
2105
2136
2170
2208
2246
2283
2322
2367
2405
2454
2497
2544
2590
2634
2680
2724
2770
2819
2864
2914
2954
3003
3044
3086
3129
3172
3215
3248
3289
3320
3353
3385
3411
3441
3464
3486
3507
3526
3541
3552
3565
3569
3579
3580
3582
3578
3575
3568
3554
3543
3526
3515
3501
3478
3457
3434
3409
3380
3357
3323
3294
3261
3228
3195
3158
3122
3082
3049
3013
2974
2937
2896
2860
2823
2778
2744
2705
2667
2629
2594
2555
2521
2486
2444
2413
2377
2346
2313
2280
2249
2220
2191
2161
2136
2112
2082
2065
2037
2018
1992
1970
1952
1932
1915
1896
1882
1864
1850
1835
1821
1809
1798
1788
1778
1770
1762
1751
1742
1736
1730
1725
1719
1717
1710
1708
1702
1700
1699
1696
1693
1690
1687
1686
1685
1681
1679
1679
1676
1675
1680
1678
1678
1680
1681
1681
1687
1690
1681
1671
1665
1665
1662
1664
1669
1676
1684
1704
1716
1736
1753
1776
1802
1832
1854
1875
1892
1905
1914
1927
1935
1948
1953
1960
1970
1978
1981
1981
1984
1993
2000
2009
2016
2021
2024
2030
2035
2040
2045
2059
2068
2071
2070
2065
2056
2050
2043
2033
2025
2018
2003
1998
1998
2005
1997
1997
1974
1841
1770
1746
1754
1829
1903
2018
2124
2247
2383
2512
2653
2776
2917
3040
3149
3283
3384
3499
3590
3689
3772
3827
3863
3862
3864
3864
3865
3864
3863
3863
3865
3865
3864
3865
3864
3863
3864
3865
3863
3865
3865
3864
3861
3864
3863
3864
3864
3865
3864
3862
3864
3863
3852
3775
3715
3676
3613
3570
3511
3464
3410
3345
3304
3249
3205
3150
3100
3049
2979
2952
2886
2844
2783
2739
2683
2613
2584
2523
2486
2427
2389
2342
2286
2260
2204
2171
2120
2083
2040
1991
1977
1933
1913
1874
1849
1821
1781
1773
1740
1736
1702
1685
1664
1634
1625
1593
1591
1566
1552
1538
1518
1521
1503
1501
1484
1470
1469
1449
1459
1444
1447
1440
1429
1442
1433
1449
1434
1447
1441
1434
1457
1455
1476
1478
1493
1500
1500
1526
1525
1548
1549
1571
1583
1580
1609
1606
1629
1625
1641
1649
1648
1675
1676
1697
1700
1714
1725
1729
1754
1757
1781
1782
1788
1806
1804
1821
1822
1837
1840
1836
1853
1848
1870
1860
1876
1872
1857
1872
1862
1873
1861
1868
1866
1854
1872
1863
1878
1872
1878
1878
1865
1888
1877
1893
1876
1876
1873
1857
1866
1853
1864
1856
1856
1858
1848
1861
1853
1866
1852
1835
1839
1815
1823
1810
1824
1828
1828
1847
1842
1868
1863
1876
1871
1857
1871
1860
1872
1859
1866
1864
1852
1867
1857
1870
1857
1863
1865
1855
1878
1870
1884
1874
1876
1874
1857
1872
1854
1864
1849
1848
1852
1838
1850
1834
1838
1827
1821
1820
1808
1817
1797
1805
1800
1801
1811
1796
1803
1791
1802
1789
1780
1792
1780
1797
1784
1797
1797
1789
1813
1806
1831
1828
1846
1850
1848
1876
1873
1905
1917
1947
1973
1985
2035
2055
2105
2126
2166
2204
2227
2279
2311
2368
2406
2455
2507
2548
2610
2654
2717
2764
2813
2880
2918
2978
3027
3085
3134
3167
3236
3274
3331
3362
3417
3451
3471
3532
3551
3592
3614
3637
3664
3659
3705
3711
3737
3743
3756
3764
3739
3770
3762
3774
3759
3756
3748
3713
3716
3683
3673
3642
3611
3588
3549
3536
3491
3465
3422
3371
3342
3291
3254
3209
3169
3123
3058
3034
2989
2962
2915
2881
2844
2782
2764
2710
2680
2629
2588
2543
2484
2465
2410
2384
2337
2306
2265
2213
2195
2145
2123
2070
2038
2009
1969
1961
1927
1921
1889
1874
1856
1824
1821
1810
1827
1812
1802
1781
1746
1723
1684
1660
1619
1582
1553
1515
1495
1450
1427
1397
1365
1353
1320
1311
1281
1273
1250
1232
1229
1211
1215
1200
1206
1194
1184
1199
1188
1198
1192
1198
1196
1190
1207
1192
1213
1217
1233
1248
1252
1277
1277
1299
1305
1318
1331
1338
1369
1374
1404
1416
1434
1463
1473
1503
1519
1550
1569
1588
1612
1617
1651
1665
1700
1717
1731
1760
1771
1805
1811
1836
1844
1849
1876
1880
1904
1909
1923
1935
1933
1962
1965
1990
1989
2001
2005
1995
2021
2020
2046
2051
2068
2082
2081
2101
2098
2107
2104
2104
2113
2104
2121
2114
2125
2122
2117
2128
2124
2136
2128
2140
2134
2117
2129
2121
2133
2128
2133
2130
2116
2126
2114
2121
2108
2116
2106
2084
2093
2076
2074
2059
2057
2048
2030
2038
2025
2021
1986
1975
1974
1980
2002
1992
2005
2005
2021
2023
2013
2025
2031
2047
2040
2034
2044
2050
2063
2045
2046
2038
2025
2033
2025
2038
2020
2029
2029
2025
2049
2040
2060
2056
2062
2058
2044
2063
2046
2058
2041
2043
2037
2016
2027
2012
2017
2005
2009
2002
1986
1997
1968
1975
1964
1963
1961
1946
1955
1944
1951
1937
1933
1932
1918
1919
1903
1904
1892
1878
1885
1871
1880
1868
1873
1864
1851
1859
1838
1852
1845
1855
1846
1831
1843
1828
1836
1824
1826
1821
1805
1821
1806
1817
1801
1797
1794
1774
1787
1769
1776
1766
1771
1762
1742
1764
1759
1777
1770
1777
1784
1775
1783
1774
1780
1773
1766
1771
1761
1769
1760
1769
1764
1761
1774
1763
1777
1763
1765
1750
1729
1744
1738
1753
1751
1767
1770
1762
1788
1781
1804
1798
1811
1814
1807
1826
1819
1844
1844
1857
1859
1849
1868
1856
1867
1853
1851
1858
1854
1878
1872
1893
1888
1888
1901
1899
1915
1910
1927
1919
1917
1930
1914
1929
1916
1925
1919
1905
1916
1892
1901
1894
1903
1904
1888
1915
1912
1933
1928
1935
1936
1924
1946
1936
1952
1941
1949
1946
1937
1952
1940
1952
1940
1942
1937
1918
1926
1913
1920
1902
1891
1893
1885
1896
1886
1898
1892
1883
1891
1875
1878
1863
1868
1859
1844
1855
1841
1857
1845
1853
1846
1830
1850
1840
1855
1842
1858
1869
1874
1911
1924
1961
1977
2009
2035
2049
2099
2115
2167
2192
2230
2269
2294
2349
2384
2439
2473
2525
2580
2622
2684
2713
2767
2817
2859
2924
2972
3036
3080
3136
3186
3217
3286
3325
3384
3418
3469
3506
3520
3584
3601
3638
3657
3684
3706
3701
3744
3734
3765
3764
3772
3780
3759
3780
3762
3764
3745
3733
3721
3689
3690
3658
3650
3620
3591
3569
3530
3511
3474
3448
3408
3357
3329
3274
3242
3197
3161
3122
3068
3048
2992
2963
2908
2865
2812
2751
2725
2671
2641
2590
2555
2512
2455
2438
2390
2368
2322
2295
2262
2205
2185
2145
2129
2094
2072
2045
2005
1996
1960
1953
1919
1907
1884
1847
1841
1808
1801
1773
1753
1744
1723
1722
1699
1701
1685
1665
1669
1656
1673
1659
1667
1657
1643
1649
1631
1636
1624
1625
1618
1603
1621
1604
1615
1599
1605
1601
1583
1598
1586
1602
1585
1595
1597
1596
1627
1648
1682
1689
1700
1696
1680
1686
1660
1655
1630
1617
1601
1575
1571
1547
1551
1533
1524
1518
1499
1501
1476
1482
1477
1476
1494
1487
1509
1510
1526
1531
1534
1560
1561
1588
1588
1609
1615
1614
1637
1641
1660
1666
1685
1699
1705
1737
1733
1753
1761
1778
1793
1793
1814
1815
1836
1839
1852
1864
1864
1886
1887
1906
1910
1916
1929
1931
1950
1946
1954
1951
1952
1958
1945
1960
1967
1985
1988
1982
1998
1988
1996
1990
1993
1992
1979
1991
1983
1994
1985
1986
1990
1981
1996
1985
1995
1988
1994
1984
1961
1977
1970
1981
1973
1973
1968
1957
1968
1958
1961
1950
1943
1936
1922
1925
1907
1911
1902
1895
1896
1890
1895
1887
1889
1876
1863
1879
1870
1883
1876
1879
1868
1857
1864
1854
1859
1846
1854
1847
1837
1840
1823
1816
1792
1789
1791
1793
1809
1804
1822
1830
1846
1857
1859
1894
1909
1936
1928
1939
1956
1965
1978
1968
1982
1977
1981
1992
1990
2013
2004
2013
2015
2006
2024
2026
2043
2034
2045
2050
2043
2064
2061
2071
2063
2071
2067
2055
2074
2060
2072
2056
2056
2046
2027
2040
2023
2028
2015
2011
2007
1986
1999
1971
1976
1965
1966
1966
1951
1960
1945
1957
1945
1941
1937
1920
1923
1907
1910
1898
1888
1891
1876
1889
1874
1878
1866
1848
1855
1832
1845
1824
1833
1831
1824
1847
1829
1844
1833
1835
1834
1818
1839
1823
1838
1824
1827
1826
1812
1835
1823
1839
1834
1841
1847
1838
1864
1856
1875
1866
1865
1868
1854
1875
1862
1873
1869
1870
1884
1874
1885
1874
1877
1870
1848
1863
1846
1863
1858
1875
1880
1871
1889
1876
1893
1885
1889
1896
1883
1910
1902
1921
1919
1930
1932
1920
1948
1938
1956
1951
1951
1956
1938
1957
1947
1963
1959
1963
1969
1959
1980
1969
1981
1980
1976
1982
1973
1982
1974
1978
1968
1959
1972
1955
1966
1951
1952
1949
1926
1942
1924
1940
1925
1934
1933
1915
1939
1924
1945
1943
1956
1969
1964
2001
2005
2036
2051
2076
2106
2113
2170
2186
2236
2265
2298
2345
2369
2431
2459
2522
2563
2604
2663
2699
2765
2809
2864
2917
2956
3023
3065
3123
3169
3220
3271
3288
3359
3376
3427
3453
3492
3527
3530
3590
3602
3645
3659
3678
3694
3678
3717
3711
3727
3720
3718
3719
3688
3710
3685
3688
3665
3647
3635
3592
3595
3557
3542
3511
3474
3453
3406
3386
3341
3310
3274
3221
3203
3152
3127
3089
3050
3009
2950
2921
2864
2828
2768
2722
2674
2605
2577
2517
2481
2425
2387
2332
2265
2245
2197
2177
2135
2108
2070
2021
2006
1965
1944
1901
1879
1849
1811
1802
1765
1757
1729
1711
1693
1666
1665
1638
1637
1611
1592
1587
1568
1581
1567
1574
1560
1550
1554
1535
1543
1531
1537
1530
1518
1526
1515
1528
1515
1520
1522
1507
1526
1515
1530
1516
1520
1524
1522
1550
1547
1568
1567
1580
1585
1576
1599
1594
1618
1615
1624
1633
1627
1654
1647
1670
1670
1682
1693
1695
1718
1707
1726
1735
1748
1774
1785
1813
1809
1823
1820
1821
1851
1853
1883
1885
1909
1916
1918
1942
1943
1967
1969
1987
1995
1991
2021
2031
2064
2076
2091
2096
2077
2089
2067
2064
2042
2025
2009
1984
1978
1950
1944
1919
1904
1887
1861
1864
1847
1840
1824
1807
1796
1765
1762
1750
1752
1743
1729
1732
1715
1716
1701
1702
1691
1678
1683
1669
1675
1664
1666
1658
1644
1654
1644
1654
1645
1652
1642
1623
1640
1638
1659
1652
1664
1664
1656
1673
1665
1678
1672
1681
1682
1675
1689
1679
1693
1688
1692
1700
1696
1708
1708
1720
1711
1704
1720
1722
1742
1743
1755
1760
1756
1768
1764
1780
1775
1783
1780
1773
1783
1777
1790
1785
1792
1794
1782
1798
1788
1799
1779
1783
1787
1781
1799
1793
1810
1805
1809
1811
1806
1820
1798
1800
1785
1786
1788
1778
1797
1785
1797
1787
1788
1791
1784
1791
1772
1772
1772
1771
1780
1772
1785
1776
1781
1780
1771
1785
1773
1772
1756
1761
1768
1771
1792
1788
1809
1830
1850
1859
1851
1881
1888
1913
1911
1923
1939
1940
1969
1969
1993
2000
2013
2021
2020
2045
2043
2059
2056
2059
2071
2066
2079
2073
2084
2080
2074
2084
2064
2077
2072
2087
2093
2089
2101
2082
2094
2075
2079
2065
2046
2055
2039
2043
2024
2028
2020
2003
2017
2002
2012
1998
1995
1989
1965
1980
1972
1991
1973
1969
1960
1939
1949
1945
1961
1956
1950
1949
1938
1946
1928
1932
1919
1902
1905
1886
1886
1869
1868
1852
1828
1838
1831
1842
1831
1837
1828
1812
1824
1811
1819
1806
1805
1797
1777
1789
1775
1782
1772
1774
1770
1750
1764
1751
1762
1746
1745
1749
1742
1768
1764
1784
1784
1796
1811
1810
1833
1843
1866
1868
1871
1898
1907
1953
1979
2032
2085
2123
2188
2230
2297
2335
2390
2446
2496
2574
2625
2696
2747
2810
2869
2905
2984
3029
3096
3137
3196
3252
3283
3358
3389
3452
3489
3530
3576
3596
3655
3667
3708
3731
3762
3798
3804
3843
3849
3858
3863
3864
3863
3860
3862
3861
3858
3850
3808
3813
3782
3772
3737
3716
3687
3637
3635
3579
3558
3520
3494
3457
3401
3392
3341
3311
3265
3225
3184
3114
3094
3036
3007
2951
2906
2863
2800
2774
2702
2662
2599
2559
2512
2447
2423
2376
2351
2305
2270
2239
2192
2167
2128
2101
2059
2024
2000
1961
1943
1904
1887
1856
1820
1811
1773
1767
1734
1726
1694
1660
1660
1639
1641
1623
1622
1609
1587
1594
1574
1577
1562
1557
1549
1529
1541
1523
1534
1520
1521
1514
1499
1513
1502
1512
1497
1493
1496
1490
1512
1508
1525
1524
1528
1538
1532
1546
1543
1559
1557
1561
1576
1575
1592
1591
1607
1612
1612
1634
1632
1656
1647
1658
1672
1677
1708
1716
1742
1751
1765
1776
1776
1806
1806
1836
1839
1856
1865
1861
1893
1891
1916
1916
1934
1943
1942
1967
1958
1976
1984
1996
2017
2020
2046
2044
2064
2069
2066
2082
2080
2100
2096
2105
2105
2096
2115
2107
2126
2115
2125
2125
2113
2135
2110
2117
2091
2094
2088
2080
2103
2091
2108
2098
2102
2099
2079
2097
2077
2085
2065
2059
2049
2026
2036
2018
2026
2009
2003
1999
1983
1989
1964
1966
1961
1958
1968
1956
1967
1953
1957
1950
1939
1945
1930
1948
1927
1924
1906
1880
1898
1904
1927
1924
1924
1905
1872
1858
1810
1793
1760
1734
1709
1666
1653
1612
1595
1561
1541
1511
1480
1478
1440
1435
1404
1389
1374
1348
1342
1322
1317
1299
1293
1285
1259
1270
1264
1281
1281
1284
1293
1287
1307
1292
1301
1297
1300
1317
1317
1338
1337
1354
1363
1362
1386
1381
1401
1401
1413
1413
1401
1429
1431
1460
1467
1489
1501
1503
1531
1534
1556
1561
1578
1591
1592
1619
1621
1642
1647
1659
1673
1675
1692
1695
1713
1710
1708
1727
1731
1757
1761
1776
1783
1784
1801
1799
1820
1817
1828
1833
1827
1842
1838
1852
1846
1852
1855
1844
1860
1856
1866
1854
1856
1861
1859
1880
1874
1886
1883
1890
1894
1883
1896
1891
1898
1892
1893
1891
1882
1892
1881
1888
1882
1872
1871
1865
1868
1850
1848
1845
1843
1856
1844
1854
1850
1852
1848
1835
1846
1835
1840
1830
1833
1830
1814
1826
1812
1818
1811
1813
1808
1796
1805
1783
1817
1915
1981
2009
2002
1963
1899
1824
1745
1657
1572
1477
1386
1296
1211
1129
1053
987
925
871
817
773
742
716
699
679
665
657
652
655
661
672
692
713
745
773
809
850
890
938
990
1043
1096
1156
1214
1274
1336
1402
1465
1532
1595
1663
1730
1794
1861
1920
1983
2042
2102
2156
2216
2269
2317
2373
2418
2463
2509
2548
2587
2620
2651
2678
2703
2728
2748
2771
2783
2799
2809
2819
2825
2828
2833
2834
2833
2828
2825
2813
2800
2789
2777
2765
2751
2737
2700
2538
2418
2376
2395
2457
2564
2690
2837
2997
3162
3335
3506
3673
3832
3863
3861
3866
3865
3866
3865
3866
3863
3864
3863
3861
3863
3861
3862
3863
3862
3863
3861
3863
3861
3864
3861
3862
3863
3862
3863
3865
3867
3865
3866
3867
3865
3867
3865
3867
3866
3867
3866
3866
3867
3640
3426
3197
2981
2762
2560
2363
2160
1897
1748
1538
1425
1337
1259
1169
1072
973
875
766
649
541
450
379
304
233
162
102
45
3
0
0
0
0
0
0
0
0
0
0
0
0
0
0
0
0
0
0
0
0
0
0
0
0
0
0
51
99
149
192
246
298
353
409
465
525
575
631
687
755
820
870
910
956
1014
1073
1128
1187
1239
1292
1338
1391
1439
1478
1525
1572
1541
1570
1609
1625
1729
1824
1919
1991
2044
2097
2144
2192
2251
2301
2351
2392
2419
2451
2324
2195
2124
2137
2194
2299
2437
2589
2761
2938
3127
3315
3492
3659
3820
3863
3861
3863
3860
3864
3861
3862
3863
3860
3863
3860
3862
3861
3864
3863
3860
3866
3864
3867
3865
3866
3865
3868
3867
3866
3867
3865
3866
3863
3862
3863
3862
3763
3681
3628
3592
3576
3571
3570
3575
3588
3597
3609
3626
3639
3652
3663
3671
3676
3680
3680
3676
3677
3663
3656
3642
3625
3612
3633
3762
3831
3822
3750
3636
3492
3309
3113
