2048
2052
2052
2073
2098
2116
2093
2066
2067
2072
2069
2082
2118
2141
2140
2128
2115
2096
2081
2088
2108
2130
2139
2129
2117
2102
2096
2101
2128
2143
2155
2148
2133
2126
2137
2140
2150
2169
2195
2197
2181
2170
2171
2167
2155
2174
2202
2237
2251
2237
2216
2192
2184
2183
2205
2242
2256
2261
2258
2236
2217
2223
2233
2257
2277
2277
2253
2218
2201
2201
2212
2230
2239
2232
2216
2196
2176
2152
2142
2141
2140
2125
2101
2081
2070
2049
2024
2007
2011
2004
1997
1985
1980
1974
1947
1953
1985
2000
2006
2004
2001
1986
1956
1940
1943
1950
1963
1966
1946
1921
1905
1916
1926
1948
1979
1997
1989
1972
1953
1938
1929
1945
1971
1989
1992
1968
1941
1930
1935
1946
1969
1992
2001
1999
2001
1986
1966
1956
1943
1944
1949
1955
1984
2001
2000
1984
1965
1961
1979
2001
2012
2012
2009
1966
1931
1962
1991
2005
2004
1995
1984
1977
1973
1972
1983
2002
2007
2012
1999
1982
1968
1964
1977
2003
2009
2021
2021
1988
1957
1947
1955
1986
1998
2005
2006
2010
2010
1995
1975
1983
2017
2034
2034
2031
2024
1999
1974
1965
1974
1985
2002
2001
2000
1991
1971
1956
1967
1991
2013
2014
1998
1969
1962
1964
1980
2008
2015
2005
1997
1995
1986
1961
1957
1982
2013
2020
2017
2009
1993
1978
1969
1975
1995
2020
2035
2029
2005
1992
1978
1968
1972
1998
2005
1994
1970
1961
1963
1961
1982
2006
2027
2037
2036
2009
1991
1981
1975
1988
2013
2018
2001
1992
1993
1995
2002
2013
2033
2049
2054
2039
2019
2004
1993
1994
2004
2033
2050
2037
2010
1983
1974
1965
1953
1973
1997
1993
1975
1970
1956
1942
1947
1995
2055
2130
2184
2203
2281
2385
2501
2633
2786
2921
3018
3066
3098
3096
3080
3052
3009
2925
2809
2639
2447
2259
2100
1979
1901
1858
1815
1764
1724
1678
1635
1609
1598
1613
1640
1672
1695
1686
1671
1668
1672
1720
1770
1797
1812
1822
1829
1837
1852
1885
1936
1982
1998
2001
1977
1967
1946
1922
1953
2000
2021
2024
2022
2002
1987
1984
1994
2012
2031
2040
2038
2021
2006
1993
1994
2000
2023
2036
2034
2018
2017
2026
2036
2030
2029
2032
2037
2030
2009
2000
1989
1983
2008
2031
2025
2017
2000
2005
2026
2033
2043
2062
2074
2066
2045
2026
2014
2007
2013
2031
2048
2068
2070
2068
2057
2049
2037
2033
2049
2081
2094
2092
2086
2064
2047
2047
2056
2074
2088
2081
2079
2092
2091
2089
2084
2084
2105
2113
2114
2105
2089
2078
2085
2107
2123
2125
2127
2116
2084
2073
2056
2030
2047
2070
2076
2076
2072
2051
2021
2016
2025
2031
2033
2031
2008
1994
1997
2009
2018
2031
2042
2045
2034
2023
2012
2001
1996
2004
2019
2022
2003
1972
1982
1979
1969
1978
2002
2013
2015
2011
1997
1992
1999
1997
1988
1987
1996
1990
1981
1978
1983
1972
1970
1977
1997
2006
1989
1970
1963
1967
1981
1996
2010
2016
2019
2018
1996
1977
1972
1977
1991
2008
2010
1998
1982
1979
1966
1961
1976
2001
2019
2018
2004
2010
2010
2000
2001
2022
2044
2042
2013
1986
1996
2015
2017
2022
2024
2020
2015
2007
2002
2003
1999
1997
1994
1982
1981
1971
1958
1956
1955
1958
1978
2003
2016
2013
1999
1994
1986
1984
1993
2012
2022
2022
2012
1998
1972
1953
1962
1987
1996
1980
1971
1983
1995
2003
2005
2014
2035
2042
2034
2030
2023
1993
1986
2008
2026
2031
2037
2032
2022
2014
2004
1985
1993
2010
2018
2025
2023
2011
1999
1986
1989
2013
2036
2049
2041
2006
1992
1999
2002
2023
2034
2037
2035
2023
2015
2003
1981
1982
1997
2015
2011
1999
1997
1983
1975
1981
1991
2005
2020
2019
2007
2001
2007
2018
2031
2031
2018
1996
1991
1991
2006
2005
1995
1996
2008
2017
2024
2022
2015
2012
2020
2017
2037
2057
2046
2004
1982
1976
1985
1995
2009
2021
2035
2029
2015
2008
2009
2016
2020
2024
2038
2048
2038
2032
2018
2005
1997
2003
2005
2017
2021
2015
2012
2016
2023
2039
2059
2074
2073
2054
2035
2036
2017
1996
2017
2043
2056
2049
2036
2028
2022
2001
1999
2021
2054
2068
2053
2040
2029
2019
2020
2037
2069
2086
2067
2042
2048
2043
2029
2038
2046
2044
2046
2050
2044
2031
2025
2026
2044
2070
2062
2047
2048
2057
2042
2030
2041
2069
2088
2089
2070
2053
2034
2011
1994
2016
2040
2050
2050
2047
2042
2039
2054
2069
2071
2086
2099
2092
2081
2067
2061
2073
2075
2077
2067
2051
2040
2034
2038
2032
2039
2059
2071
2076
2078
2069
2057
2041
2053
2096
2117
2118
2110
2099
2096
2084
2059
2056
2081
2109
2112
2091
2071
2065
2062
2061
2071
2092
2099
2096
2077
2054
2044
2038
2036
2054
2073
2080
2079
2072
2077
2076
2079
2084
2087
2078
2071
2061
2053
2049
2056
2059
2057
2056
2053
2045
2025
2014
2019
2033
2062
2099
2117
2114
2101
2095
2094
2112
2151
2211
2272
2317
2327
2337
2332
2325
2310
2311
2308
2295
2264
2192
2082
2001
1936
1892
1885
1899
1905
1911
1918
1931
1943
1944
1973
2012
2028
2022
2027
2013
2005
2003
2031
2069
2096
2094
2097
2080
2059
2048
2052
2064
2100
2122
2131
2121
2117
2099
2088
2097
2125
2144
2139
2136
2123
2112
2104
2111
2133
2154
2154
2138
2123
2125
2123
2139
2162
2193
2193
2168
2139
2132
2143
2143
2148
2169
2184
2177
2146
2137
2148
2146
2145
2134
2149
2155
2141
2109
2106
2119
2136
2152
2181
2218
2227
2198
2174
2160
2144
2140
2169
2213
2237
2229
2219
2196
2190
2206
2233
2258
2272
2277
2267
2261
2246
2233
2230
2248
2272
2297
2302
2295
2281
2262
2255
2257
2270
2284
2278
2268
2258
2262
2267
2274
2289
2305
2301
2292
2278
2245
2212
2199
2210
2234
2243
2216
2186
2156
2140
2122
2106
2115
2120
2113
2094
2070
2056
2053
2042
2030
2039
2044
2037
2022
2004
1990
1980
1966
1973
1998
2014
2013
2011
2005
1991
1988
1985
1984
1993
2012
2019
2000
1971
1963
1968
2002
2033
2034
2028
2004
1983
1984
1986
2003
2026
2039
2037
2011
1987
1961
1938
1936
1958
1985
2003
2017
2019
2003
1988
1969
1978
2004
2001
1981
1970
1973
1974
1987
2013
2044
2061
2058
2048
2029
2012
1993
1976
1971
1982
2022
2045
2049
2034
2010
1994
1999
2002
2018
2016
2009
2002
1984
1971
1971
1983
2011
2038
2048
2017
1994
1980
1981
1997
2025
2045
2044
2033
2008
1982
1985
1981
1986
2005
2012
2009
1997
1987
1987
1966
1950
1962
1987
2018
2036
2021
1996
1975
1968
1974
2009
2035
2032
2014
2000
1988
1983
1989
2006
2014
2023
2015
1993
1978
1978
1978
2002
2025
2031
2025
2003
1968
1954
1957
1964
1980
1991
2007
2021
2010
1995
2009
2000
1987
2001
2014
2001
1995
1995
1989
1983
2003
2029
2049
2042
2024
2011
2004
1987
1976
1980
2001
2011
2012
2008
2005
1998
1991
1997
2004
2022
2026
2033
2031
2017
1991
1978
1980
1988
2000
2015
2014
2008
1998
1982
1983
2005
2008
2006
2001
1989
1984
1982
1989
2015
2032
2046
2037
2018
2001
1989
1991
2011
2041
2055
2073
2068
2038
2008
2000
1993
2008
2039
2054
2053
2045
2031
2019
2007
2013
2028
2038
2045
2047
2038
2017
2000
1998
2017
2042
2044
2039
2021
1998
1983
1974
1988
2016
2042
2041
2024
2003
1987
1980
1993
2003
2025
2037
2038
2013
1992
1974
1975
1995
2013
2036
2052
2039
2026
2010
2003
2014
2039
2057
2060
2054
2057
2078
2106
2141
2181
2238
2285
2308
2304
2285
2262
2241
2219
2216
2184
2132
2075
1995
1907
1832
1785
1768
1769
1781
1790
1812
1830
1827
1845
1887
1931
1969
1995
2000
2000
1990
1984
1977
1993
2026
2046
2057
2077
2087
2058
2028
2025
2039
2058
2074
2061
2041
2044
2049
2041
2050
2065
2082
2093
2083
2052
2043
2053
2070
2089
2113
2125
2110
2088
2080
2077
2072
2083
2121
2154
2149
2132
2123
2119
2102
2097
2109
2131
2153
2154
2138
2106
2080
2085
2101
2133
2159
2166
2149
2129
2112
2091
2097
2126
2167
2186
2183
2173
2157
2150
2172
2190
2199
2207
2197
2185
2174
2161
2154
2160
2199
2229
2240
2227
2210
2209
2209
2210
2243
2273
2282
2280
2261
2237
2224
2217
2222
2243
2265
2291
2284
2273
2257
2238
2232
2247
2262
2266
2244
2208
2175
2145
2120
2115
2121
2147
2145
2129
2098
2069
2034
2027
2030
2032
2045
2032
2014
2010
1984
1954
1970
1995
2015
2019
2005
1989
1970
1958
1967
1983
1981
1978
1977
1961
1952
1938
1927
1948
1996
2020
2022
2013
1992
1982
1961
1964
1977
1995
1991
1965
1928
1913
1908
1910
1926
1955
1965
1961
1951
1948
1951
1961
1969
1976
1987
1985
1980
1981
1979
1973
1965
1976
2002
2017
2009
1992
1974
1957
1959
1965
1974
1988
1996
1979
1968
1962
1967
1969
1987
1997
1996
1984
1969
1954
1948
1936
1941
1959
1980
1988
1961
1939
1925
1924
1926
1961
1988
2004
2014
2013
1989
1958
1948
1959
1983
2000
2017
2013
1991
1974
1965
1973
1983
2005
2012
2005
2002
1994
1981
1961
1957
1971
1990
1994
1968
1957
1978
1986
1985
1982
1993
2001
2005
1996
1993
1995
2004
2023
2026
2013
2005
1986
1969
1974
1978
1979
1979
1988
1984
1979
1967
1951
1948
1940
1937
1953
1966
1979
1981
1992
1989
1987
1989
2000
2007
2009
2007
2008
1993
1985
1993
1994
1999
2013
2012
1997
1995
1998
2006
2007
2010
2012
2016
2020
2017
2001
1995
1983
1993
2014
2025
2015
2002
1994
1980
1962
1961
1987
2004
2007
1996
1981
1973
1969
1981
2016
2037
2057
2047
2021
1978
1941
1945
1975
1997
2033
2054
2052
2042
2035
2023
2017
2038
2079
2104
2099
2072
2049
2036
2025
2026
2039
2051
2051
2046
2036
2029
2030
2017
2008
2018
2026
2034
2021
2016
2021
2022
2017
2017
2023
2021
2018
2002
1982
1974
1978
2006
2040
2063
2057
2036
2021
2000
1971
1986
2030
2048
2053
2037
2025
2018
2013
2008
2017
2042
2056
2050
2050
2036
2012
2009
2032
2063
2120
2177
2228
2278
2294
2283
2285
2296
2302
2295
2256
2192
2128
2055
1982
1920
1873
1850
1839
1837
1839
1847
1853
1868
1891
1919
1948
1964
1981
1986
1984
1985
1999
2018
2045
2075
2112
2107
2074
2049
2028
2014
2031
2054
2058
2042
2032
2030
2039
2049
2073
2079
2076
2079
2061
2009
2006
2024
2047
2075
2093
2101
2101
2104
2103
2098
2098
2121
2140
2143
2129
2108
2090
2083
2073
2085
2102
2110
2112
2109
2104
2109
2118
2128
2135
2144
2140
2140
2138
2131
2131
2134
2150
2168
2181
2177
2170
2160
2165
2163
2175
2194
2211
2222
2209
2187
2192
2201
2195
2202
2225
2230
2236
2226
2221
2234
2241
2238
2241
2256
2272
2283
2264
2231
2207
2215
2235
2271
2291
2295
2276
2270
2253
2241
2242
2256
2262
2253
2241
2233
2215
2191
2168
2179
2197
2206
2194
2167
2154
2153
2148
2127
2105
2113
2104
2062
2016
2001
1997
1998
2020
2049
2067
2053
2029
2018
2005
1994
1997
2009
2016
2012
2000
1985
1973
1961
1949
1960
1977
1999
2000
1973
1955
1945
1935
1938
1968
1996
1997
2000
1994
1977
1957
1958
1970
1989
1997
1994
1983
1971
1953
1952
1958
1992
2019
2015
2001
1988
1983
1974
1970
1984
2017
2043
2042
2015
2007
1993
1957
1930
1940
1959
1984
2000
2004
1996
1983
1987
2001
2016
2018
2006
1996
1976
1955
1969
1997
2022
2025
2034
2034
2028
2001
1983
1981
2005
2026
2048
2038
2023
2011
1995
1975
1985
2013
2027
2022
2006
1983
1968
1976
1999
2022
2032
2036
2029
2013
1978
1956
1962
1989
2007
2002
1989
1986
1983
1972
1959
1982
2012
2032
2032
2032
2013
2002
1985
1984
1995
2006
2023
2026
2016
1997
1982
1968
1966
1973
1974
1968
1982
1986
1989
1989
1999
2000
2018
2032
2042
2020
1990
1976
1979
1983
2003
2034
2043
2029
2009
1979
1966
1971
1990
2026
2061
2047
2020
2002
1978
1966
1971
1996
2020
2023
2019
2025
2034
2024
2009
2012
2028
2037
2033
2033
2022
2004
2004
2017
2031
2018
2012
1996
1988
1985
1983
1984
2018
2047
2051
2042
2044
2024
2021
2015
2009
2031
2055
2065
2067
2044
2028
2032
2049
2048
2053
2065
2061
2054
2033
2012
1996
1990
2009
2028
2025
2020
2018
2003
1979
1970
1973
1989
2006
2011
2006
2003
1998
1995
2000
2020
2038
2039
2018
2009
2009
2001
2007
2015
2016
2013
2023
2021
2010
2006
1988
1987
2000
2018
2026
2031
2051
2059
2064
2085
2138
2196
2226
2241
2271
2287
2297
2308
2307
2295
2271
2225
2163
2096
2032
1971
1897
1834
1795
1788
1790
1803
1809
1830
1849
1872
1898
1928
1948
1963
1957
1966
1995
2021
2038
2038
2036
2036
2037
2032
2021
2017
2044
2088
2104
2074
2046
2036
2030
2028
2029
2030
2036
2053
2082
2094
2085
2077
2083
2094
2115
2125
2121
2103
2087
2082
2077
2082
2100
2123
2133
2123
2098
2090
2086
2089
2099
2125
2147
2153
2140
2125
2107
2099
2114
2144
2143
2128
2105
2096
2120
2132
2140
2155
2172
2170
2160
2169
2173
2164
2154
2155
2167
2174
2183
2190
2203
2203
2203
2210
2222
2247
2262
2247
2229
2206
2168
2150
2162
2197
2236
2269
2271
2273
2274
2276
2269
2281
2300
2315
2317
2310
2274
2245
2224
2219
2238
2252
2240
2221
2206
2201
2190
2187
2192
2207
2207
2174
2129
2115
2109
2098
2098
2100
2108
2096
2063
2037
2018
2000
1994
1994
2012
2032
2027
1999
1983
1983
1984
1976
1984
2000
2005
1999
1993
1970
1937
1926
1945
1980
1997
1995
1995
1985
1971
1962
1963
1984
1996
1999
1996
1970
1938
1925
1917
1943
1969
1980
1979
1977
1976
1978
1961
1956
1992
2023
2033
2022
2002
1988
1995
1972
1975
2007
2009
1991
1979
1965
1948
1944
1963
1985
1998
1991
1984
1974
1969
1963
1960
1979
2011
2004
1992
1996
1992
1984
1961
1957
1986
2016
2029
2032
2035
2013
1988
2000
2024
2052
2043
2013
2000
1975
1967
1972
1980
2000
2018
2024
2003
1981
1974
1966
1968
1993
2012
2021
2018
2005
1991
1980
1981
1999
2013
2030
2031
2020
2001
1985
1969
1959
1964
1982
2002
2011
2024
2021
2009
1985
1972
1983
2001
1989
1971
1967
1966
1959
1953
1968
1998
2005
1984
1988
1999
2007
2004
2002
2009
2015
2008
1995
1991
2001
1992
1992
2000
2014
2031
2031
2019
2009
1999
1992
1999
2008
1995
1977
1967
1960
1962
1956
1970
2009
2051
2062
2041
2010
1986
1979
1982
1997
2032
2061
2068
2048
2021
1996
1983
1990
2008
2032
2044
2033
2016
2006
2015
2036
2046
2055
2060
2058
2055
2045
2022
2029
2044
2042
2050
2061
2045
2008
1998
1981
1975
1975
1991
2013
2018
2020
2021
2018
2016
2027
2046
2044
2029
2023
2019
2008
2000
1996
2000
2025
2047
2047
2026
2002
1987
1983
1995
2008
2034
2032
2018
2010
1999
1978
1981
2003
2031
2049
2033
2017
2028
2060
2103
2152
2208
2278
2329
2351
2326
2295
2261
2245
2234
2231
2193
2141
2075
1993
1894
1837
1808
1797
1798
1801
1806
1817
1836
1839
1846
1866
1903
1938
1971
1993
1994
1982
1987
1995
2012
2013
2015
2023
2038
2036
2034
2038
2061
2097
2111
2106
2105
2095
2092
2086
2074
2076
2096
2099
2085
2078
2073
2062
2054
2060
2074
2081
2079
2078
2070
2068
2076
2101
2119
2134
2126
2105
2101
2105
2097
2090
2101
2110
2127
2137
2145
2129
2112
2092
2091
2107
2126
2136
2152
2157
2141
2131
2137
2151
2174
2180
2191
2190
2173
2152
2142
2153
2187
2215
2218
2209
2195
2186
2177
2187
2212
2239
2245
2250
2258
2258
2238
2242
2246
2261
2275
2272
2249
2248
2251
2256
2258
2275
2290
2300
2295
2284
2281
2274
2279
2286
2295
2289
2274
2249
2229
2221
2197
2183
2194
2216
2208
2181
2141
2106
2096
2079
2076
2073
2076
2069
2050
2026
2007
2003
2012
2037
2059
2059
2047
2021
1991
1976
1977
1997
2013
2025
2025
2024
2010
1996
1996
2007
2028
2060
2070
2064
2062
2064
2059
2048
2048
2051
2051
2042
2033
2029
2043
2068
2075
2077
2075
2065
2044
2026
2013
2007
2012
2033
2065
2074
2091
2089
2075
2073
2067
2052
2051
2060
2043
2021
2016
2018
2015
2020
2023
2033
2040
2033
2013
2006
1994
1982
1982
1988
2001
2014
2006
1985
1972
1959
1937
1926
1936
1959
1965
1971
1969
1968
1966
1959
1959
1965
1964
1935
1903
1881
1885
1873
1887
1912
1923
1926
1918
1903
1887
1879
1885
1898
1915
1910
1895
1882
1862
1838
1825
1825
1839
1845
1831
1827
1824
1802
1803
1822
1854
1879
1860
1836
1821
1810
1791
1778
1779
1795
1806
1798
1780
1775
1769
1759
1774
1810
1840
1853
1841
1823
1810
1789
1768
1775
1814
1831
1834
1821
1794
1781
1772
1787
1810
1837
1851
1842
1835
1816
1796
1785
1802
1825
1842
1841
1831
1819
1806
1807
1827
1848
1874
1876
1859
1832
1803
1782
1783
1807
1833
1847
1840
1825
1817
1817
1814
1823
1850
1885
1900
1888
1876
1875
1860
1851
1869
1897
1908
1913
1901
1877
1861
1840
1850
1867
1874
1886
1898
1883
1869
1860
1870
1873
1858
1849
1846
1847
1851
1847
1844
1856
1880
1893
1898
1896
1880
1858
1848
1858
1878
1895
1915
1915
1899
1884
1882
1885
1897
1922
1953
1946
1918
1892
1873
1870
1890
1918
1935
1937
1906
1892
1889
1888
1923
1984
2059
2122
2156
2183
2203
2208
2217
2228
2226
2216
2177
2117
2059
1981
1899
1839
1817
1802
1786
1766
1769
1775
1790
1807
1821
1870
1921
1940
1932
1932
1948
1970
1980
2006
2047
2069
2082
2080
2072
2068
2082
2101
2130
2150
2156
2140
2127
2115
2111
2127
2145
2160
2166
2154
2129
2112
2113
2121
2135
2158
2189
2206
2187
2154
2138
2133
2138
2172
2222
2227
2210
2178
2157
2143
2144
2163
2204
2227
2228
2224
2224
2224
2218
2208
2237
2260
2246
2231
2218
2209
2197
2199
2216
2240
2249
2244
2241
2250
2257
2271
2277
2284
2301
2310
2281
2257
2258
2272
2284
2310
2334
2354
2335
2310
2317
2317
2308
2306
2334
2363
2378
2381
2372
2341
2342
2335
2355
2373
2388
2381
2368
2362
2354
2338
2339
2352
2368
2353
2325
2290
2263
2238
2242
2260
2291
2293
2263
2228
2213
2202
2192
2182
2178
2175
2158
2129
2105
2089
2085
2098
2098
2119
2134
2122
2091
2067
2056
2055
2056
2071
2086
2089
2070
2057
2046
2033
2021
2021
2046
2065
2061
2040
2034
2026
2025
2036
2056
2062
2057
2042
2035
2013
2003
2016
2041
2070
2093
2064
2058
2050
2035
2036
2058
2092
2113
2108
2081
2061
2066
2081
2089
2101
2121
2134
2120
2106
2096
2074
2071
2105
2128
2132
2101
2073
2045
2043
2044
2059
2098
2116
2100
2087
2080
2072
2070
2071
2086
2101
2119
2111
2090
2069
2060
2058
2059
2083
2112
2122
2118
2096
2086
2088
2093
2094
2106
2112
2110
2086
2058
2050
2046
2047
2065
2088
2096
2088
2076
2068
2069
2071
2067
2072
2089
2089
2069
2061
2061
2064
2061
2077
2096
2096
2075
2057
2038
2024
2040
2067
2093
2129
2121
2081
2067
2074
2072
2056
2058
2076
2091
2081
2071
2062
2049
2044
2044
2074
2103
2110
2103
2075
2059
2053
2053
2067
2080
2093
2076
2069
2065
2071
2080
2092
2127
2144
2124
2113
2093
2077
2079
2081
2093
2113
2116
2116
2101
2087
2083
2085
2087
2107
2117
2109
2097
2082
2079
2075
2078
2096
2127
2132
2128
2110
2099
2082
2058
2069
2109
2124
2129
2130
2121
2117
2133
2136
2153
2168
2186
2190
2166
2142
2118
2114
2114
2131
2144
2143
2146
2132
2099
2093
2090
2116
2136
2145
2155
2149
2122
2105
2093
2089
2105
2131
2144
2147
2145
2142
2108
2089
2097
2121
2146
2145
2133
2118
2105
2095
2100
2119
2145
2153
2129
2099
2084
2081
2088
2109
2136
2135
2136
2140
2144
2149
2163
2199
2252
2297
2337
2370
2388
2397
2383
2377
2387
2382
2346
2285
2204
2133
2061
1990
1933
1897
1883
1870
1875
1898
1916
1924
1947
1978
2007
2022
2019
2020
2014
2014
2046
2067
2079
2071
2070
2086
2114
2111
2112
2118
2132
2144
2152
2136
2122
2114
2107
2085
2093
2114
2134
2130
2118
2106
2104
2100
2099
2113
2127
2140
2140
2126
2114
2127
2123
2125
2140
2156
2157
2150
2144
2141
2134
2135
2133
2138
2134
2135
2153
2163
2141
2143
2162
2197
2224
2208
2181
2165
2157
2160
2180
2195
2193
2188
2188
2177
2165
2153
2145
2154
2166
2186
2202
2201
2204
2196
2208
2216
2240
2255
2253
2229
2205
2200
2211
2235
2256
2282
2279
2288
2269
2243
2226
2224
2226
2238
2250
2268
2264
2247
2229
2209
2206
2216
2230
2235
2234
2212
2189
2180
2165
2155
2148
2145
2145
2128
2102
2088
2062
2040
2034
2041
2045
2023
1989
1963
1947
1931
1935
1951
1955
1953
1943
1926
1909
1890
1896
1913
1948
1965
1955
1932
1916
1913
1913
1915
1924
1938
1936
1929
1925
1919
1907
1904
1912
1923
1923
1921
1926
1928
1933
1923
1911
1922
1925
1918
1908
1917
1925
1924
1925
1939
1963
1955
1938
1926
1910
1894
1887
1898
1922
1948
1960
1965
1963
1960
1950
1950
1965
1981
1983
1967
1952
1935
1918
1912
1911
1921
1942
1950
1950
1947
1925
1925
1934
1926
1932
1941
1936
1950
1961
1959
1951
1959
1970
1971
1968
1961
1957
1959
1952
1949
1938
1951
1960
1964
1957
1956
1956
1953
1961
1968
1975
1973
1967
1953
1940
1936
1954
1971
1992
2006
1994
1988
1975
1969
1954
1931
1931
1949
1962
1968
1968
1946
1933
1941
1963
1991
2010
2013
1997
1967
1931
1932
1952
1986
1999
2001
1990
1980
1975
1968
1959
1971
1982
1996
2013
2023
2006
1985
1967
1965
2007
2019
1994
1972
1965
1956
1941
1928
1946
1972
1989
1980
1988
2008
2002
1992
2013
2031
2039
2022
1998
1980
1972
1958
1965
1978
1997
2008
1992
1962
1964
1968
1973
1993
2017
2032
2029
2018
2006
2001
1995
2004
2024
2055
2064
2063
2050
2046
2031
2013
2002
2017
2021
2009
1997
2003
2006
2007
2008
2010
2012
1995
2005
2017
2003
1989
1996
2023
2039
2031
2032
2022
2008
1989
1981
1991
2008
2030
2036
2024
2009
1988
1973
1962
1972
1995
2018
2016
2017
2007
1976
1976
1994
2015
2041
2054
2027
2012
2014
2025
2050
2086
2125
2164
2188
2207
2219
2229
2233
2250
2260
2271
2274
2238
2168
2085
2005
1948
1910
1885
1858
1826
1801
1780
1769
1767
1774
1812
1856
1885
1909
1915
1918
1930
1950
1970
1994
2015
2021
2018
2006
2000
2004
2013
2036
2060
2068
2063
2044
2029
2021
2013
2020
2045
2060
2059
2061
2062
2052
2057
2072
2112
2114
2100
2099
2099
2069
2047
2057
2077
2084
2085
2089
2079
2078
2080
2088
2099
2130
2147
2138
2135
2119
2107
2102
2103
2121
2135
2141
2139
2142
2140
2136
2124
2128
2145
2151
2141
2141
2140
2137
2137
2151
2168
2171
2180
2185
2194
2203
2192
2166
2182
2209
2226
2226
2224
2222
2218
2215
2223
2236
2266
2271
2262
2248
2232
2223
2225
2235
2264
2288
2292
2300
2307
2292
2244
2236
2251
2257
2236
2241
2240
2220
2200
2187
2178
2186
2189
2169
2136
2106
2080
2059
2041
2041
2049
2058
2044
2019
1999
1976
1962
1974
1997
2008
2018
2009
1997
1972
1943
1936
1939
1955
1978
1968
1977
1977
1953
1941
1938
1941
1940
1942
1949
1953
1922
1891
1895
1913
1940
1955
1942
1930
1919
1923
1931
1945
1965
1970
1958
1957
1940
1913
1908
1920
1948
1972
1972
1971
1961
1947
1927
1918
1937
1979
2011
2003
1978
1962
1946
1917
1907
1916
1931
1946
1946
1938
1932
1919
1918
1943
1983
1997
1993
1984
1990
1996
1990
1971
1969
1984
1988
1978
1973
1982
1981
1984
1998
2008
2001
1968
1935
1920
1921
1928
1938
1956
1977
1985
1986
1991
1986
1984
1981
1998
2015
2019
2011
1987
1963
1945
1941
1950
1979
2004
2000
1973
1963
1941
1927
1936
1960
1990
2034
2054
2039
