1728
1733
1704
1688
1680
1687
1708
1713
1700
1680
1658
1661
1666
1653
1655
1706
1767
1775
1783
1768
1754
1758
1767
1767
1765
1774
1797
1790
1775
1773
1769
1771
1790
1801
1795
1783
1764
1728
1681
1667
1668
1678
1710
1770
1815
1832
1832
1820
1818
1827
1843
1849
1840
1824
1795
1774
1773
1796
1827
1850
1859
1849
1852
1861
1875
1897
1910
1902
1860
1805
1766
1721
1720
1746
1789
1806
1824
1850
1885
1909
1945
1970
2007
2055
2112
2143
2140
2121
2093
2083
2062
2038
2025
1964
1892
1832
1785
1731
1689
1669
1638
1665
1702
1717
1738
1761
1777
1801
1834
1868
1884
1883
1880
1861
1843
1837
1854
1896
1941
1946
1932
1924
1907
1892
1876
1910
1974
2010
2023
2010
1988
1978
1982
2001
2024
2030
2022
2009
2013
2006
1996
1977
1982
2007
2028
2018
1983
1964
1966
1953
1929
1947
2012
2051
2061
2044
2036
2036
2032
2033
2037
2054
2057
2048
2025
2022
2021
2039
2059
2073
2074
2052
2039
2034
2053
2075
2078
2061
2059
2034
2029
2033
2049
2061
2091
2125
2146
2141
2120
2101
2114
2132
2150
2169
2193
2195
2188
2177
2174
2181
2173
2172
2179
2183
2188
2196
2192
2174
2153
2171
2198
2230
2196
2156
2138
2148
2170
2190
2190
2177
2156
2135
2115
2082
2047
2040
2042
2061
2074
2060
2053
2030
1990
1958
1934
1935
1934
1935
1932
1932
1933
1899
1890
1899
1912
1937
1940
1919
1905
1877
1861
1873
1892
1917
1940
1949
1943
1917
1878
1871
1895
1917
1932
1926
1906
1891
1869
1852
1840
1851
1866
1885
1903
1929
1901
1881
1870
1877
1896
1922
1922
1908
1892
1889
1880
1873
1872
1878
1900
1910
1912
1908
1877
1862
1880
1911
1935
1933
1911
1895
1895
1886
1900
1922
1944
1929
1904
1895
1896
1895
1899
1897
1914
1943
1950
1934
1905
1897
1882
1859
1871
1898
1892
1891
1886
1855
1836
1832
1867
1915
1957
1962
1938
1943
1952
1938
1921
1932
1952
1959
1952
1935
1912
1890
1874
1866
1888
1916
1927
1913
1915
1913
1918
1933
1944
1957
1963
1948
1926
1912
1886
1874
1917
1952
1941
1928
1910
1910
1940
1943
1930
1947
1968
1974
1948
1907
1876
1862
1835
1826
1856
1908
1953
1957
1925
1911
1897
1896
1915
1953
1963
1943
1919
1922
1927
1939
1966
1991
2013
2004
1970
1945
1939
1918
1896
1907
1949
1993
2016
1998
1981
1950
1927
1951
1980
1991
1976
1966
1943
1931
1929
1923
1916
1903
1876
1879
1898
1895
1901
1909
1914
1950
1983
1984
1972
1953
1941
1941
1956
1974
1990
2013
1990
1963
1945
1934
1916
1920
1939
1957
1964
1959
1946
1918
1874
1871
1928
1973
2013
2043
2068
2088
2119
2152
2194
2228
2245
2227
2206
2167
2120
2065
2017
1985
1955
1921
1870
1797
1741
1704
1676
1687
1741
1792
1830
1838
1848
1857
1863
1879
1904
1939
1949
1945
1943
1948
1941
1915
1933
1976
1987
1989
1988
1972
1962
1974
1986
2009
2031
2038
2026
2013
1998
1979
1964
1961
1998
2031
2048
2063
2066
2049
2030
2021
2026
2040
2060
2067
2053
2037
2027
2021
2030
2051
2065
2057
2057
2047
2040
2031
2024
2033
2064
2075
2050
2031
2032
2041
2042
2036
2035
2055
2062
2060
2068
2078
2064
2069
2109
2144
2144
2123
2085
2067
2059
2070
2110
2157
2173
2174
2174
2170
2179
2180
2183
2166
2166
2183
2185
2187
2176
2172
2179
2200
2231
2243
2217
2180
2167
2167
2187
2212
2235
2248
2244
2217
2197
2173
2149
2144
2155
2177
2183
2171
2161
2134
2104
2075
2064
2065
2076
2080
2061
2041
2012
1980
1948
1961
1998
2019
2012
1970
1940
1926
1912
1909
1925
1947
1955
1912
1891
1896
1903
1918
1950
1977
1981
1968
1941
1914
1901
1892
1898
1902
1917
1932
1961
1985
1970
1953
1942
1950
1968
1967
1955
1936
1921
1908
1905
1928
1958
1965
1941
1930
1922
1911
1908
1918
1930
1938
1962
1976
1954
1946
1948
1950
1938
1952
1965
1975
1954
1932
1916
1913
1899
1907
1957
1975
1963
1951
1940
1933
1929
1949
1972
1988
1982
1969
1962
1957
1958
1961
1977
2000
2015
2007
1994
1967
1949
1954
1956
1959
1970
1968
1943
1933
1939
1950
1960
1967
1980
1995
1998
2005
1989
1968
1960
1952
1962
2002
2005
1991
1933
1914
1924
1942
1965
1997
2012
1997
1983
1966
1957
1948
1957
1979
1993
1995
1978
1970
1970
1962
1974
1997
2010
2011
1999
1978
1962
1956
1947
1948
1974
2001
2001
1981
1955
1934
1934
1964
1981
2014
2041
2050
2044
2034
2019
2020
2039
2025
1994
1977
1960
1960
1950
1947
1963
1981
2003
2028
2002
1972
1958
1962
1953
1960
1999
2034
2049
2036
2019
2003
1998
1998
2020
2040
2051
2033
2021
2014
1995
1960
1981
2021
2061
2064
2046
2020
2009
1994
1982
1994
2027
2034
2029
2026
2000
1977
1990
2015
2029
2016
1996
1997
1998
2001
2008
2030
2040
2049
2054
2042
2013
1986
1962
1968
1991
2018
2025
2013
1998
2003
2012
2011
2033
2073
2133
2178
2217
2264
2304
2295
2279
2280
2290
2281
2252
2199
2133
2072
2007
1930
1882
1858
1845
1837
1833
1819
1815
1827
1872
1917
1963
1987
1981
1980
1981
1981
1997
2019
2031
2044
2038
2024
2010
2013
2015
2010
2033
2065
2085
2092
2092
2078
2069
2061
2076
2091
2095
2092
2062
2044
2049
2052
2073
2111
2143
2128
2090
2070
2063
2068
2061
2074
2110
2116
2105
2090
2086
2081
2085
2099
2119
2142
2171
2152
2105
2054
2066
2103
2127
2139
2135
2141
2142
2126
2096
2082
2090
2118
2134
2128
2122
2124
2133
2138
2138
2159
2185
2186
2169
2171
2179
2179
2186
2213
2232
2242
2241
2222
2195
2182
2193
2219
2250
2277
2280
2266
2251
2237
2229
2226
2242
2265
2281
2272
2259
2238
2227
2214
2215
2229
2241
2243
2231
2206
2178
2180
2161
2140
2145
2162
2148
2108
2075
2073
2083
2095
2105
2116
2112
2079
2034
2026
2019
2002
2012
2040
2050
2028
2007
1988
1976
1965
1951
1958
1979
1983
1961
1966
1963
1949
1958
1979
1988
1988
1994
1989
1982
1977
1962
1955
1979
2004
2017
2015
2010
2014
2017
1999
1979
1983
1997
1998
1980
1976
1977
1973
1973
1977
1988
1987
1988
1986
1979
1983
1981
1991
2004
2027
2041
2036
2015
2001
1976
1977
1994
2017
2021
2010
1975
1945
1940
1947
1977
2015
2032
2028
2027
2015
1999
1978
1985
2012
2038
2042
2042
2035
2016
1990
1984
2002
2016
2013
2011
2004
2000
1993
1986
2002
2042
2029
1973
1966
1976
1975
1973
1995
2020
2038
2048
2047
2030
1988
1957
1950
1956
1977
1996
2010
2005
1997
1995
2000
2002
2007
2010
2000
1979
1977
1984
1978
1975
2007
2045
2056
2026
2003
2011
2014
2022
2026
2042
2055
2052
2031
1993
1971
1966
1968
1984
2004
2023
2019
2000
1979
1979
1975
1975
2000
2037
2064
2060
2033
2004
1979
1953
1964
2004
2046
2068
2066
2034
2011
2013
2010
2027
2049
2049
2038
2035
2026
2005
1990
1989
2007
2033
2030
1994
1965
1942
1932
1959
1992
2026
2056
2064
2037
1987
1955
1969
1994
2035
2064
2074
2074
2078
2068
2057
2043
2048
2061
2064
2058
2050
2021
2010
2010
2031
2040
2049
2061
2053
2025
1988
1977
2007
2032
2037
2037
2018
2014
2002
1993
1999
2022
2049
2069
2068
2052
2031
2012
1989
1983
2011
2048
2061
2031
2005
1998
2003
2007
2028
2042
2051
2056
2030
2006
2032
2061
2094
2149
2209
2264
2291
2292
2295
2271
2257
2270
2291
2287
2232
2148
2064
2016
1968
1922
1877
1857
1853
1856
1861
1881
1902
1919
1940
1960
1988
2005
1985
1985
1997
2003
2014
2044
2071
2077
2056
2039
2026
2023
2036
2065
2085
2077
2065
2039
2021
2022
2033
2056
2090
2121
2132
2100
2059
2023
2030
2045
2075
2109
2124
2118
2107
2089
2072
2055
2063
2098
2136
2160
2150
2123
2105
2110
2116
2130
2135
2145
2135
2128
2121
2102
2079
2078
2089
2115
2125
2122
2120
2108
2109
2113
2124
2138
2135
2108
2090
2117
2125
2118
2140
2170
2188
2176
2170
2163
2180
2185
2191
2197
2217
2228
2225
2208
2204
2203
2186
2180
2202
2224
2245
2253
2253
2244
2233
2217
2219
2241
2250
2262
2261
2245
2238
2233
2231
2234
2238
2232
2211
2193
2168
2156
2151
2160
2177
2170
2159
2135
2117
2094
2069
2059
2069
2075
2066
2044
2020
2004
1996
2006
2024
2045
2040
2025
2017
1997
1984
1977
1984
1995
1998
2001
1989
1961
1920
1912
1921
1946
1957
1962
1988
1985
1965
1967
1960
1973
1993
2006
1995
1980
1968
1958
1941
1938
1951
1977
1984
1980
1969
1962
1952
1943
1937
1965
1996
1987
1954
1946
1955
1973
2000
2016
2045
2057
2031
1989
1969
1984
2004
2002
2018
2041
2038
2007
1987
1972
1966
1959
1970
1998
2013
2005
1993
1983
1973
1967
1961
1956
1978
2010
2008
2002
1993
1989
1998
2015
2034
2042
2025
2004
1996
1995
1988
1980
1972
1993
1988
1968
1968
1967
1961
1977
2001
2021
2020
2019
2010
1996
1978
1963
1969
1983
2007
1999
2001
2012
2008
2000
1999
2016
2038
2051
2053
2045
2032
2017
2008
2003
2017
2043
2026
1987
1956
1937
1946
1950
1970
2008
2030
2028
2006
1978
1965
1983
1995
2008
2027
2033
2029
2014
1978
1958
1964
1985
2005
2022
2006
1989
1993
2005
2005
2025
2045
2066
2070
2054
2033
2014
2003
2004
2012
2022
2021
2007
2005
1978
1957
1946
1947
1987
2029
2041
2049
2027
2012
2007
2008
2024
2043
2053
2050
2019
2001
1986
1961
1974
2010
2038
2046
2041
2026
2010
1999
2013
2026
2045
2049
2043
2028
2031
2025
2013
2010
2046
2088
2103
2088
2074
2061
2045
2040
2047
2056
2063
2049
2030
2005
1991
1987
2018
2065
2073
2061
2047
2013
1995
2004
2027
2035
2041
2055
2053
2047
2031
2017
2014
2030
2048
2059
2046
2045
2058
2041
2024
2029
2055
2074
2068
2042
2029
2010
1992
1977
1997
2031
2056
2065
2070
2070
2081
2112
2146
2219
2295
2340
2338
2322
2303
2281
2267
2244
2210
2163
2097
2025
1972
1916
1845
1807
1827
1861
1884
1888
1887
1889
1915
1943
1963
1993
2023
2029
2021
2018
2009
2022
2029
2041
2074
2089
2080
2073
2073
2064
2061
2065
2082
2100
2100
2088
2080
2061
2050
2068
2102
2129
2130
2114
2096
2072
2050
2055
2076
2106
2139
2152
2153
2129
2096
2074
2065
2087
2117
2137
2140
2134
2117
2116
2113
2120
2129
2140
2141
2143
2128
2109
2091
2071
2081
2100
2118
2141
2147
2139
2140
2145
2144
2152
2186
2189
2168
2149
2133
2133
2164
2196
2221
2217
2187
2175
2188
2193
2211
2231
2267
2284
2268
2255
2235
2227
2213
2199
2217
2258
2282
2282
2269
2263
2245
2239
2247
2267
2275
2262
2241
2234
2219
2186
2148
2178
2225
2242
2233
2216
2186
2161
2144
2146
2145
2150
2142
2126
2096
2087
2086
2071
2074
2088
2085
2048
2022
2006
2003
1979
1977
1990
2015
2025
2008
1981
1978
1972
1965
1957
1958
1968
1961
1959
1962
1958
1955
1962
1967
1981
1988
1997
1989
1974
1966
1970
1986
1996
1993
1978
1972
1969
1955
1957
1985
2009
2015
2010
1996
1983
1969
1960
1966
1977
2005
2005
1976
1951
1962
1959
1969
1992
2001
2005
1997
1981
1975
1954
1940
1955
1983
2001
2007
1985
1987
2007
1994
1980
1988
2013
2010
1984
1976
1977
1977
1957
1951
1979
2007
2014
2005
1974
1958
1976
1985
2007
2023
2009
1985
1997
2000
1999
1989
2003
2024
2030
2004
1973
1953
1955
1952
1957
1988
2023
2041
2026
1986
1957
1947
1939
1950
1981
2006
2001
1981
1966
1955
1955
1970
1986
2010
2029
2028
2014
2007
1987
1975
1979
1998
2032
2022
1991
1983
1979
1969
1972
1984
2002
2010
2011
2001
1994
1986
1989
1998
2026
2046
2035
2016
1990
1957
1949
1961
1990
2017
2028
2021
2014
1999
1984
1977
2001
2033
2037
2022
2007
2006
2002
1992
1992
2000
2012
2007
2008
2008
2008
2005
2002
2015
2034
2052
2032
2008
2009
2002
2002
1989
1998
2025
2032
2027
2020
2008
2006
2011
2030
2056
2075
2068
2039
2016
2011
2003
2005
2019
2036
2048
2050
2038
2027
2002
2005
2000
1993
2010
2021
2018
2027
2029
2018
2003
1997
1994
2009
2024
2031
2027
2021
2018
2025
2047
2051
2038
2021
1995
1960
1962
1983
2022
2057
2066
2050
2023
2011
1987
1965
1978
2003
2013
2008
2010
2020
2035
2044
2075
2140
2209
2264
2272
2258
2238
2217
2194
2196
2213
2200
2142
2065
1989
1918
1856
1823
1830
1838
1833
1821
1813
1808
1818
1826
1858
1920
1977
1981
1974
1975
1979
1986
1998
2025
2055
2062
2050
2030
2021
2009
2011
2040
2080
2103
2105
2082
2068
2049
2036
2032
2051
2077
2085
2092
2082
2081
2075
2066
2081
2098
2098
2084
2053
2034
2028
2031
2044
2070
2104
2128
2114
2081
2069
2082
2093
2113
2132
2121
2119
2104
2111
2111
2107
2105
2121
2129
2129
2121
2137
2133
2114
2111
2125
2140
2166
2173
2165
2131
2110
2101
2105
2131
2164
2177
2175
2178
2174
2161
2148
2160
2174
2196
2208
2193
2188
2208
2220
2239
2245
2264
2258
2237
2209
2206
2205
2237
2283
2293
2275
2250
2212
2184
2156
2158
2181
2218
2242
2244
2233
2203
2181
2156
2135
2137
2153
2151
2140
2123
2097
2069
2057
2049
2042
2055
2071
2041
2004
1956
1927
1936
1980
2007
2012
1987
1972
1982
1982
1952
1931
1951
1974
1973
1953
1940
1928
1905
1907
1921
1930
1940
1947
1948
1940
1943
1952
1965
1974
1999
2004
1992
1952
1935
1918
1925
1957
1986
1992
1975
1961
1953
1948
1934
1936
1965
1986
1975
1965
1959
1957
1961
1964
1979
1998
1994
1965
1941
1919
1919
1936
1951
1977
1993
1994
1999
1985
1969
1970
1962
1947
1977
1989
1974
1948
1919
1913
1946
1977
2015
2030
2020
2008
2006
1997
1981
1968
1972
1968
1973
1989
1986
1966
1950
1945
1962
1980
2003
2016
2011
1992
1970
1969
1984
2001
2007
1990
1957
1942
1944
1938
1934
1942
1961
1984
1981
1969
1969
1966
1947
1924
1938
1981
2004
2016
2031
2005
1976
1957
1957
1967
1984
1999
2020
2034
2029
2003
1986
1996
2022
2025
2009
1991
1981
1973
1962
1960
1983
2011
2020
2014
2009
2001
1978
1993
2009
2018
2022
2025
2003
1979
1987
2004
2022
2032
2029
2025
2016
2009
1984
1971
1966
1992
2007
2013
2004
2001
1988
1951
1933
1948
1988
2006
1997
1983
1976
1983
1979
1973
1995
2023
2041
2023
2002
1995
1998
1993
1997
2015
2023
2027
2029
2020
2013
2023
2041
2060
2067
2066
2046
2033
2008
1995
1991
2008
2035
2079
2091
2058
2023
2010
2020
2029
2039
2055
2061
2050
2034
2016
1999
2017
2045
2042
2035
2026
2015
2001
1995
1986
1979
2004
2052
2040
2005
1995
1992
1999
1997
2023
2050
2050
2034
2013
1994
1977
1978
1988
2008
2032
2063
2093
2110
2129
2159
2189
2234
2288
2319
2317
2290
2251
2206
2185
2181
2180
2144
2092
2030
1966
1884
1818
1795
1812
1847
1882
1902
1918
1915
1908
1911
1943
1984
2027
2049
2042
2041
2040
2037
2035
2057
2095
2109
2084
2066
2047
2030
2035
2052
2078
2099
2105
2111
2075
2044
2033
2025
2032
2064
2083
2086
2087
2088
2072
2054
2071
2113
2158
2175
2163
2140
2121
2090
2057
2073
2106
2119
2101
2062
2047
2051
2061
2084
2104
2135
2164
2154
2132
2116
2105
2103
2128
2161
2167
2155
2141
2117
2098
2099
2124
2158
2171
2187
2182
2178
2171
2162
2161
2183
2206
2218
2214
2208
2188
2165
2154
2177
2216
2232
2237
2222
2210
2211
2212
2212
2225
2253
2269
2255
2246
2235
2232
2236
2254
2263
2269
2261
2252
2229
2213
2198
2210
2246
2268
2256
2243
2236
2221
2194
2151
2131
2137
2132
2119
2098
2079
2049
2024
2009
2029
2063
2059
2030
2007
1986
1980
1970
1979
1999
2018
2029
2034
2032
2012
1964
1942
1934
1958
1979
1982
1972
1955
1941
1952
1974
2007
2025
2022
2004
1987
1968
1959
1968
1985
1995
1994
1985
1971
1961
1962
1941
1941
1964
2000
2011
1997
1978
1955
1948
1972
1999
2021
2013
1976
1957
1934
1942
1970
2002
2031
2049
2046
2036
2021
2004
1978
1964
1973
2005
2024
2022
2013
2010
1997
1973
1976
1996
2004
1995
1980
1962
1952
1953
1960
1975
2005
2017
2022
2014
2002
2003
2006
2002
2019
2031
2018
1997
1997
1972
1948
1959
2001
2033
2045
2029
1991
1969
1968
1980
1998
2025
2034
2025
2023
2014
1997
1982
1970
1985
2014
2013
2008
1999
1993
2001
2016
2035
2053
2072
2067
2040
2007
1991
1993
1996
2007
2037
2047
2026
2002
1986
1988
1989
1994
2001
2010
1994
1984
1990
2001
1992
1988
2009
2031
2044
2032
2011
1992
1988
1997
2035
2067
2056
2024
2005
1997
1964
1951
1983
2012
2047
2059
2027
1994
1974
1957
1952
1971
2016
2044
2045
2039
2031
2004
1985
1990
2030
2056
2051
2039
2029
2026
2006
2009
2025
2036
2040
2046
2054
2053
2043
2028
2024
2053
2068
2056
2042
2048
2048
2031
2018
2023
2038
2037
2015
2002
2010
2009
2000
1997
2022
2053
2078
2076
2054
2028
2022
2021
2032
2048
2069
2057
2021
2017
2031
2037
2050
2047
2057
2047
2027
2001
1968
1948
1965
1992
2027
2053
2051
2035
2030
2023
2011
1997
2012
2081
2119
2109
2123
2165
2206
2241
2275
2308
2326
2341
2329
2302
2253
2186
2132
2085
2047
2006
1941
1858
1799
1781
1805
1836
1879
1917
1932
1933
1942
1953
1967
1988
2025
2057
2080
2075
2045
2020
1997
1994
2016
2045
2054
2046
2043
2028
2013
2018
2032
2061
2091
2105
2096
2078
2057
2042
2028
2053
2092
2119
2124
2117
2093
2092
2092
2099
2113
2132
2129
2115
2099
2073
2043
2032
2065
2100
2137
2140
2132
2114
2107
2097
2099
2118
2144
2134
2128
2110
2106
2105
2128
2146
2165
2170
2156
2136
2133
2132
2140
2158
2175
2192
2183
2166
2146
2140
2139
2150
2189
2213
2215
2206
2198
2179
2180
2198
2212
2236
2258
2256
2245
2235
2218
2209
2223
2241
2245
2259
2270
2268
2259
2240
2212
2208
2252
2275
2279
2268
2249
2213
2195
2187
2197
2214
2216
2188
2155
2140
2142
2141
2155
2170
2176
2152
2114
2057
2018
2018
2028
2053
2070
2072
2053
2029
1999
1973
1957
1953
1958
1994
2001
1976
1961
1957
1973
2001
2027
2045
2033
1994
1975
1972
1966
1948
1942
1951
1977
1982
1974
1962
1946
1939
1950
1980
2001
1998
1996
1985
1967
1946
1949
1942
1954
1998
2012
2015
2027
2012
1987
1955
1974
2015
2040
2038
2022
2011
1989
1967
1960
1977
1992
1992
1977
1979
1972
1972
1984
2017
2055
2065
2049
2030
2005
1995
1992
1995
2015
2040
2050
2037
2013
1999
1986
1991
2006
2017
2016
2007
1991
1963
1962
1963
1963
1985
2004
2015
2023
2020
2011
1991
1985
1996
2016
2021
2011
1978
1957
1957
1950
1965
2009
2031
2054
2049
2012
2001
2021
2031
2042
2054
2047
2033
2013
1994
1977
1988
2011
2029
2038
2038
2024
2009
1990
1994
1986
1994
2020
2036
2031
2019
2000
1988
1982
1991
2003
2007
2008
2007
1992
1981
1990
1993
1992
2007
2021
2012
2008
2012
2008
2007
2022
2038
2053
2045
2023
1999
1980
1995
2011
2015
2016
2023
2020
2022
2012
2007
2021
2049
2062
2063
2038
2025
2033
2052
2041
2049
2073
2091
2087
2061
2029
2017
2019
2015
2032
2058
2064
2055
2041
2023
2029
2018
2013
2027
2050
2046
2040
2040
2028
2005
2002
2014
2028
2037
2038
2026
2028
2015
1990
1992
2019
2038
2062
2052
2015
1965
1929
1954
2002
2036
2049
2051
2052
2046
2029
2021
2026
2057
2086
2094
2103
2106
2137
2171
2202
2241
2278
2297
2293
2257
2207
2160
2129
2136
2113
2084
2053
2004
1944
1865
1821
1799
1806
1837
1869
1879
1886
1888
1906
1921
1943
1985
2034
2031
2004
1986
1977
1971
1992
2018
2066
2100
2093
2066
2057
2051
2046
2052
2070
2092
2098
2084
2066
2068
2071
2094
2121
2140
2137
2116
2085
2066
2053
2047
2069
2104
2113
2117
2128
2130
2112
2108
2117
2125
2146
2148
2138
2118
2116
2112
2116
2114
2132
2152
2150
2142
2136
2128
2125
2128
2139
2164
2175
2171
2160
2137
2137
2126
2125
2157
2209
2241
2229
2210
2189
2175
2169
2204
2241
2249
2221
2199
2192
2194
2198
2220
2245
2277
2279
2269
2261
2269
2271
2277
2295
2316
2308
2284
2245
2241
2258
2276
2305
2329
2341
2325
2289
2255
2235
2221
2213
2222
2243
2254
2243
2225
2225
2208
2181
2152
2142
2151
2149
2114
2073
2037
2011
2004
2033
2068
2098
2105
2084
2035
1992
1969
1968
1989
1999
1992
1986
1989
1979
1961
1954
1963
1980
1984
1974
1961
1944
1927
1941
1972
1994
2004
2005
1981
1964
1938
1938
1938
1962
1992
2001
1996
1992
1986
1993
1984
1983
2003
2019
1999
1969
1949
1941
1934
1950
1981
1998
1986
1984
1993
1987
1970
1955
1959
1973
2000
2020
2020
1995
1980
1968
1967
1974
1987
2008
2021
2008
1988
1965
1959
1966
1989
2005
1991
1977
1970
1971
1979
1982
1990
2014
2020
2011
1995
1986
1993
1996
2006
2019
2021
2002
1976
1968
1952
1928
1931
1950
1984
2015
2027
2022
1997
1989
1992
2010
2028
2034
2024
2010
1999
1988
1981
1984
2005
2016
2012
1978
1946
1954
1974
1975
1986
1995
1994
1994
1990
1975
1949
1939
1965
2003
2036
2047
2028
2013
1989
1973
1981
1997
1998
1993
2001
2011
2000
1990
1966
1974
2003
2035
2047
2047
2030
2014
1995
1996
2022
2052
2051
2045
2042
2035
2005
1985
1982
2003
2044
2061
2054
2045
2037
2001
1982
2004
2029
2021
1996
1986
1998
1996
2002
2029
2048
2054
2053
2020
1998
1984
1983
1977
1993
2016
2033
2022
1999
1974
1963
1962
1977
2011
2039
2047
2030
2009
2003
2003
2009
2038
2056
2058
2060
2068
2050
2037
2027
2049
2109
2162
2190
2196
2217
2228
2210
2186
2189
2200
2189
2147
2085
2002
1935
1873
1824
1805
1817
1837
1852
1825
1819
1818
1831
1861
1904
1922
1923
1918
1925
1957
1986
1987
1999
2021
2024
2022
2017
2000
1985
1970
1991
2044
2087
2094
2085
2069
2053
2056
2078
2108
2122
2123
2105
2093
2077
2060
2059
2087
2116
2122
2108
2089
2075
2063
2060
2062
2089
2122
2152
2162
2142
2101
2083
2082
2099
2128
2139
2116
2085
2064
2065
2066
2091
2130
2175
2190
2161
2118
2107
2096
2106
2128
2156
2181
2169
2154
2155
2149
2145
2170
2212
2234
2219
2202
2186
2169
2155
2169
2189
2218
2227
2226
2215
2204
2209
2219
2228
2263
2281
2264
2247
2235
2217
2210
2222
2233
2247
2240
2248
2252
2245
2236
2231
2229
2244
2259
2256
2241
2229
2187
2146
2134
2147
2168
2178
2156
2119
2089
2069
2053
2070
2096
2104
2099
2067
2029
1986
1980
1977
1986
2009
2005
1984
1979
1967
1957
1966
1985
2004
2012
2006
1993
1960
1948
1947
1949
1950
1961
1955
1949
1964
1976
1966
1970
1989
2015
2025
2011
1998
1989
1968
1953
1954
1974
2001
2008
1998
1984
1967
1954
1953
1975
2010
2037
2045
2039
2018
1992
1953
1940
1957
1980
2002
2010
1993
1981
1964
1963
1972
1988
1986
1983
1980
1975
1968
1970
1967
1984
2020
2033
2011
1996
1986
1973
1963
1971
1986
2012
2026
2022
2008
1991
1976
1972
1993
2004
2002
2006
2015
1992
1968
1965
1984
2009
2024
2030
2031
2012
1986
1959
1979
2001
2005
2009
2005
2002
1983
1967
1959
1968
1986
2021
2029
2018
2007
1984
1957
1955
1973
2000
2012
1998
1962
1957
1965
1969
1970
1999
2039
2032
1997
1981
1984
1996
2021
2047
2058
2055
2032
2023
2003
1968
1972
2003
2023
2039
2053
2053
2043
2034
2033
2029
2040
2044
2047
2030
2007
2002
1999
2003
2013
2023
2023
2041
2033
2022
2012
2012
2015
2025
2027
2009
1991
1987
1992
1985
1985
2008
2025
2032
2031
2024
2019
2021
2021
2006
2005
2018
2027
2016
2017
2019
2029
2032
2044
2094
2145
2173
2184
2149
2125
