1920
1961
1964
1984
1983
1979
1976
1980
1979
1982
1978
1981
1987
1982
1960
1964
1963
1948
1950
1962
1980
1994
1989
1971
1965
1961
1963
1974
1993
1999
2000
1985
1973
1968
1958
1949
1960
1983
1993
1982
1970
1969
1973
1974
1972
1989
2003
1997
1973
1964
1960
1971
1980
1984
1992
2000
1995
1982
1970
1965
1958
1962
1972
1995
1999
1985
1981
1981
1980
1987
2004
2025
2030
2025
1996
1968
1956
1947
1948
1958
1981
1994
1995
1993
1996
1986
1972
1973
1999
2002
1985
1970
1972
1973
1972
1972
1981
1984
1979
1970
1963
1964
1964
1969
1965
1975
1997
2003
1992
1995
1994
1999
2002
2011
2011
2007
1990
1978
1970
1971
1969
1985
1998
2007
1998
1982
1978
1986
1995
2012
2034
2044
2035
2012
2011
2001
1994
1987
1997
2009
2014
2013
2017
2000
1985
1975
1994
2018
2036
2040
2027
2009
2006
2007
2009
2018
2035
2043
2041
2025
2007
2007
2013
2027
2047
2059
2056
2044
2028
2024
2019
2017
2027
2041
2032
2008
1987
1987
1996
2023
2045
2052
2058
2057
2066
2075
2072
2069
2071
2077
2079
2078
2071
2066
2067
2064
2060
2057
2061
2062
2050
2032
2021
2006
1993
2003
2034
2055
2050
2043
2044
2046
2047
2055
2066
2073
2067
2052
2034
2026
2010
1998
2008
2030
2028
2028
2030
2034
2041
2035
2033
2045
2057
2062
2062
2057
2049
2046
2031
2019
2018
2035
2057
2068
2095
2121
2144
2175
2213
2250
2297
2325
2325
2324
2325
2328
2315
2282
2236
2176
2108
2035
1970
1907
1849
1812
1816
1829
1841
1833
1836
1848
1867
1872
1885
1918
1951
1974
1982
1985
1985
1992
2009
2039
2056
2052
2032
2031
2031
2031
2024
2042
2064
2079
2082
2084
2080
2080
2077
2079
2081
2084
2082
2079
2088
2093
2102
2112
2118
2113
2105
2094
2088
2078
2065
2057
2071
2091
2129
2149
2147
2136
2123
2109
2106
2129
2147
2148
2144
2131
2129
2135
2132
2148
2160
2160
2149
2139
2133
2132
2139
2155
2181
2200
2204
2199
2178
2165
2152
2149
2166
2189
2196
2201
2196
2186
2181
2184
2198
2224
2249
2274
2286
2288
2284
2270
2270
2283
2293
2294
2280
2267
2253
2246
2242
2241
2252
2264
2276
2277
2279
2274
2270
2273
2277
2283
2278
2252
2238
2224
2205
2189
2182
2185
2181
2167
2136
2107
2076
2052
2034
2037
2047
2043
2040
2030
2020
2015
2013
2010
2004
1989
1963
1945
1940
1946
1939
1935
1962
1989
2008
1983
1945
1933
1934
1939
1948
1958
1952
1941
1926
1902
1894
1908
1930
1947
1960
1970
1974
1960
1957
1956
1953
1960
1966
1971
1965
1959
1955
1951
1955
1958
1960
1974
1972
1951
1935
1936
1942
1956
1967
1979
1976
1966
1944
1937
1936
1941
1952
1965
1977
1984
1984
1971
1974
1977
1978
1981
1994
1999
1991
1975
1955
1938
1934
1931
1959
1988
1993
1985
1981
1965
1965
1970
1983
1997
2001
1993
1981
1975
1969
1981
1996
2002
2005
2002
1983
1964
1956
1949
1948
1955
1961
1976
1975
1960
1961
1978
1988
1990
1988
1985
1959
1938
1936
1948
1969
1988
1996
2004
2017
2007
1990
1982
1979
1979
1979
1987
2009
2018
2010
1993
1991
1985
1982
1980
1986
1978
1971
1962
1964
1973
1975
1984
1989
1993
1995
1992
1985
1978
1974
1983
1985
1987
1985
1983
1965
1954
1950
1953
1956
1966
1964
1980
1985
1987
1982
1970
1964
1975
1990
1992
1989
1980
1971
1966
1981
1991
2013
2020
2010
2001
1997
1994
1998
2006
2013
2029
2040
2032
2025
2036
2035
2032
2053
2065
2068
2054
2038
2032
2029
2023
2020
2010
2001
1999
1992
1986
1992
2002
2013
2025
2039
2050
2044
2035
2017
2010
2008
2017
2020
2031
2026
2010
1982
1974
1983
1995
1995
1996
2009
2014
2017
2011
2000
1983
1971
1972
1986
1995
1999
2002
2010
2007
2011
2009
2017
2024
2034
2048
2066
2082
2118
2156
2212
2289
2359
2375
2364
2361
2352
2333
2285
2233
2194
2145
2058
1960
1896
1856
1820
1819
1838
1847
1837
1839
1848
1863
1890
1927
1960
1986
1996
1997
1988
1997
2009
2013
2030
2053
2060
2049
2041
2038
2046
2052
2059
2064
2079
2091
2087
2085
2094
2073
2056
2063
2098
2105
2088
2071
2084
2095
2102
2104
2112
2123
2122
2109
2086
2072
2066
2080
2113
2131
2129
2118
2106
2101
2093
2093
2094
2108
2116
2118
2115
2122
2120
2121
2120
2129
2149
2151
2145
2145
2148
2145
2148
2155
2160
2154
2146
2134
2142
2161
2176
2187
2185
2194
2205
2208
2208
2206
2211
2216
2220
2217
2227
2225
2218
2210
2211
2228
2244
2256
2267
2274
2269
2256
2238
2229
2238
2253
2265
2263
2254
2240
2229
2245
2258
2263
2265
2264
2248
2234
2211
2192
2183
2182
2173
2176
2172
2150
2115
2088
2074
2055
2055
2048
2035
2021
2007
1989
1981
1978
1980
1995
2012
2013
2008
1995
1974
1955
1956
1955
1959
1964
1957
1939
1947
1953
1953
1943
1935
1946
1950
1953
1956
1967
1965
1959
1953
1953
1959
1956
1941
1935
1939
1948
1945
1948
1962
1974
1979
1980
1971
1972
1975
1990
2007
2012
2006
1997
1981
1974
1967
1953
1966
1991
2004
2015
2016
1999
1986
1977
1976
1975
1990
1999
1998
1995
1991
1977
1980
1975
1985
2001
1987
1968
1963
1971
1977
1990
2021
2036
2016
2007
2015
2030
2027
2024
2021
2007
2004
1998
1973
1956
1956
1962
1972
1994
2002
1999
2002
1998
1994
1994
1997
1998
2004
2006
2001
1994
1995
2004
2012
2008
2004
2010
2019
2025
2006
1987
1993
1995
1997
2009
2019
2015
1988
1974
1987
1996
2007
2020
2029
2024
2011
2009
2015
2017
2012
2013
2025
2043
2054
2064
2049
2042
2038
2046
2045
2054
2045
2032
2024
2017
2008
1996
1989
1998
2000
1995
1977
1974
1972
1959
1955
1969
1980
1975
1982
1978
1976
1978
1986
2003
2024
2052
2080
2109
2167
2250
2352
2461
2603
2752
2889
2997
3086
3153
3186
3183
3145
3089
3004
2878
2710
2531
2346
2158
2003
1912
1852
1793
1736
1687
1642
1596
1549
1516
1497
1506
1518
1537
1559
1574
1599
1617
1631
1651
1698
1733
1749
1752
1756
1774
1820
1854
1871
1885
1884
1875
1893
1908
1922
1934
1943
1944
1933
1917
1913
1918
1925
1944
1950
1956
1956
1944
1930
1932
1937
1949
1963
1977
1989
2002
2000
1999
1991
1990
1989
1996
1997
1999
1987
1981
1979
1967
1956
1955
1952
1964
1972
1971
1959
1968
1990
2011
2024
2030
2044
2043
2027
2019
2013
2006
2018
2034
2035
2028
2032
2042
2045
2048
2067
2080
2077
2054
2042
2028
2054
2083
2101
2102
2104
2111
2092
2087
2087
2091
2096
2114
2124
2124
2117
2102
2076
2071
2083
2088
2099
2121
2120
2109
2093
2088
2099
2114
2121
2129
2132
2120
2100
2077
2082
2086
2075
2057
2050
2052
2055
2033
2019
2020
2034
2041
2050
2047
2031
2011
2003
1986
1981
1985
2002
2020
2029
2013
2006
1985
1978
1994
2003
2020
2033
2038
2023
2006
1993
1992
1991
1993
2014
2053
2059
2038
2024
2030
2041
2058
2060
2065
2065
2052
2020
2004
2020
2034
2040
2048
2055
2045
2026
2019
2006
1993
2007
2047
2065
2073
2077
2053
2039
2026
2004
1998
2020
2040
2041
2025
2031
2037
2055
2086
2089
2058
2011
1950
1910
1944
1986
2025
2075
2092
2088
2077
2080
2096
2099
2094
2093
2098
2098
2099
2098
2096
2085
2076
2067
2073
2086
2094
2085
2077
2090
2096
2087
2073
2078
2081
2082
2068
2063
2056
2057
2064
2073
2096
2078
2062
2069
2068
2083
2102
2120
2127
2137
2118
2083
2049
2045
2048
2048
2050
2064
2073
2058
2053
2061
2075
2088
2095
2094
2088
2072
2064
2069
2079
2082
2078
2088
2091
2100
2115
2137
2126
2112
2115
2117
2109
2090
2082
2087
2092
2081
2070
2071
2100
2123
2103
2074
2066
2087
2061
2033
2049
2076
2100
2101
2087
2078
2071
2068
2071
2065
2063
2066
2071
2067
2066
2068
2077
2091
2109
2105
2096
2076
2066
2058
2061
2061
2073
2082
2090
2080
2060
2057
2057
2051
2079
2107
2123
2114
2099
2096
2095
2088
2083
2090
2112
2109
2094
2075
2071
2089
2090
2085
2071
2056
2041
2033
2033
2040
2041
2046
2056
2067
2067
2060
2051
2051
2063
2090
2111
2122
2127
2120
2112
2102
2090
2076
2086
2114
2136
2126
2108
2079
2049
2033
2042
2059
2064
2075
2082
2075
2067
2065
2073
2076
2073
2059
2043
2026
2030
2041
2044
2047
2052
2058
2058
2072
2071
2053
2039
2033
2020
2017
2011
2009
2019
2033
2053
2072
2088
2108
2085
2067
2062
2056
2057
2066
2077
2112
2155
2192
2229
2267
2310
2333
2347
2349
2350
2351
2330
2282
2228
2177
2111
2050
1994
1930
1877
1835
1812
1815
1844
1872
1878
1892
1926
1949
1971
1981
1980
1972
1963
1986
2015
2056
2075
2077
2073
2066
2062
2062
2069
2070
2077
2072
2044
2036
2035
2049
2077
2091
2096
2071
2051
2064
2074
2075
2080
2101
2130
2143
2129
2102
2086
2076
2072
2076
2098
2113
2118
2112
2104
2099
2107
2107
2110
2112
2108
2091
2086
2090
2103
2121
2133
2148
2151
2153
2136
2121
2120
2131
2137
2134
2149
2160
2150
2141
2148
2156
2170
2190
2195
2210
2213
2209
2199
2188
2164
2142
2144
2165
2183
2194
2194
2202
2212
2215
2216
2215
2224
2239
2232
2210
2196
2203
2221
2229
2246
2261
2244
2224
2221
2218
2212
2208
2215
2215
2227
2233
2238
2238
2230
2220
2219
2228
2216
2180
2138
2113
2089
2097
2115
2110
2093
2073
2044
2017
2006
2016
2021
2013
1994
1964
1950
1955
1958
1952
1943
1950
1965
1972
1969
1950
1938
1944
1946
1951
1959
1951
1947
1932
1911
1916
1929
1941
1963
1978
1989
1981
1968
1957
1956
1951
1946
1943
1948
1942
1934
1936
1925
1910
1908
1904
1898
1907
1921
1920
1916
1927
1938
1955
1962
1958
1946
1936
1931
1940
1951
1957
1975
1989
1984
1978
1959
1950
1955
1957
1941
1940
1945
1949
1967
1982
1975
1946
1922
1923
1928
1954
1958
1948
1946
1951
1961
1989
2009
2000
1980
1963
1943
1948
1966
1962
1954
1949
1946
1938
1921
1912
1937
1967
1977
1982
1984
1979
1975
1968
1957
1944
1941
1936
1931
1926
1943
1954
1942
1946
1958
1959
1959
1961
1970
1969
1956
1964
1971
1968
1971
1984
1992
1989
1972
1956
1957
1959
1965
1973
1965
1948
1939
1949
1961
1977
1989
2008
2041
2036
2004
1982
1963
1948
1945
1954
1976
1989
1985
1979
1982
1985
1975
1961
1964
1961
1967
1972
1963
1954
1964
1971
1991
2018
2055
2075
2067
2031
2015
2024
2026
2026
2035
2030
2026
2004
1984
1976
1961
1958
1965
1991
1998
1999
1989
1971
1957
1966
1973
1977
1982
1974
1961
1969
1969
1981
1994
2009
2014
1992
1952
1942
1951
1963
1977
1981
1988
1984
1975
1957
1938
1936
1956
1959
1965
1979
1992
1991
1978
1981
2006
2031
2057
2103
2149
2190
2230
2252
2279
2289
2304
2320
2321
2289
2228
2172
2104
2025
1958
1906
1849
1799
1759
1755
1769
1785
1801
1834
1868
1886
1889
1890
1887
1895
1915
1945
1972
2001
2007
1997
1985
1977
1993
2008
2019
2024
2024
2033
2037
2036
2047
2054
2056
2061
2076
2082
2077
2063
2054
2046
2055
2059
2076
2086
2096
2086
2080
2081
2077
2085
2074
2075
2093
2093
2071
2079
2121
2130
2101
2107
2099
2084
2061
2060
2076
2111
2136
2159
2188
2198
2169
2138
2121
2116
2117
2141
2179
2196
2181
2150
2126
2111
2125
2137
2147
2169
2188
2167
2168
2178
2190
2189
2191
2213
2226
2215
2201
2205
2223
2228
2231
2242
2258
2249
2237
2241
2253
2270
2289
2313
2314
2311
2296
2275
2270
2288
2290
2284
2285
2281
2268
2258
2250
2257
2239
2208
2168
2145
2114
2091
2080
2091
2103
2107
2104
2092
2101
2084
2045
2017
2009
2001
2008
2019
2007
1993
1976
1964
1948
1939
1936
1940
1957
1968
1967
1955
1944
1933
1930
1929
1940
1953
1968
1969
1951
1937
1937
1944
1945
1945
1950
1955
1947
1927
1906
1919
1934
1956
1980
1987
1980
1978
1974
1971
1965
1961
1953
1964
1990
2000
1993
1982
1968
1956
1969
1980
1983
1974
1966
1958
1963
1965
1970
1962
1961
1964
1974
1976
1974
1971
1978
1987
2010
2016
2016
2002
2005
2011
2012
2009
2012
2016
2010
2001
1986
1984
1982
1982
1985
1985
1978
1976
1988
1997
1998
1998
2001
2007
2005
1997
1994
1992
1987
1976
1970
1992
2007
2004
2011
2025
2047
2038
2020
2022
2047
2059
2059
2042
2037
2032
2021
2003
2001
2012
2018
2012
2004
2004
2014
2012
2011
2024
2055
2055
2033
2018
2018
2021
2013
2012
2013
2016
2008
2009
2026
2033
2031
2024
2009
2012
2029
2028
2012
2021
2031
2046
2046
2043
2030
2018
2015
2025
2044
2053
2056
2057
2068
2085
2086
2072
2067
2066
2071
2083
2080
2059
2047
2037
2039
2045
2047
2042
2047
2040
2032
2022
2041
2061
2064
2069
2057
2041
2039
2044
2040
2044
2048
2049
2048
2049
2042
2031
2017
2017
2029
2032
2015
2008
2010
2029
2044
2051
2046
2039
2020
2009
2014
2024
2024
2014
2012
2012
2009
2005
2011
2017
2030
2047
2073
2099
2150
2205
2271
2328
2366
2377
2363
2330
2309
2280
2242
2213
2162
2077
1995
1910
1844
1794
1774
1769
1789
1817
1831
1838
1857
1885
1905
1924
1933
1941
1951
1964
1983
1996
2003
2013
2019
2022
2018
2007
1991
1988
1997
2015
2028
2045
2052
2061
2068
2059
2060
2061
2058
2054
2068
2082
2092
2088
2071
2065
2071
2070
2068
2082
2095
2093
2084
2077
2078
2078
2084
2101
2121
2117
2112
2105
2097
2066
2033
2023
2045
2079
2102
2121
2126
2121
2114
2131
2136
2156
2170
2183
2178
2178
2177
2171
2156
2160
2163
2150
2135
2113
2105
2117
2140
2169
2194
2209
2215
2209
2207
2205
2213
2221
2229
2226
2226
2214
2214
2212
2218
2236
2251
2245
2236
2240
2243
2234
2229
2228
2239
2257
2284
2272
2249
2229
2218
2216
2212
2218
2203
2182
2184
2178
2153
2125
2098
2093
2085
2075
2060
2043
2015
2003
1997
1997
1996
1999
1988
1976
1973
1965
1945
1937
1954
1959
1962
1960
1945
1929
1928
1922
1910
1914
1922
1924
1911
1896
1901
1910
1929
1938
1943
1939
1932
1913
1918
1932
1947
1957
1962
1963
1961
1952
1942
1937
1934
1940
1949
1951
1946
1944
1935
1936
1933
1933
1940
1962
1971
1962
1959
1954
1947
1941
1937
1963
1991
2006
1989
1948
1923
1913
1907
1910
1924
1932
1947
1954
1963
1972
1971
1961
1966
1978
1981
1971
1974
1980
1975
1958
1960
1973
1976
1964
1953
1944
1939
1938
1943
1954
1972
1977
1965
1959
1955
1960
1965
1968
1979
1993
1976
1962
1946
1942
1947
1957
1970
1981
1984
1984
1977
1976
1963
1953
1958
1979
1993
1995
1987
1984
1977
1967
1965
1972
1978
1972
1960
1960
1965
1967
1974
1987
1993
1999
2001
1990
1973
1962
1964
1957
1965
1969
1971
1965
1969
1987
2005
2002
1999
2001
1997
1998
1997
1977
1956
1956
1965
1981
1996
2013
2016
2010
2006
2012
2020
2025
2023
2023
2006
1995
1984
1983
1993
2018
2037
2040
2029
2013
2010
1997
1978
1966
1976
1989
1978
1982
1996
1994
1996
1995
2006
2019
2025
2017
2005
1993
1985
1987
1994
2003
2012
2019
2012
2009
1994
1983
1988
2006
2004
2009
2001
1984
1975
1978
1965
1971
1983
1986
1976
1973
1976
1987
1994
2000
2008
2039
2069
2097
2134
2174
2228
2280
2317
2352
2374
2374
2368
2343
2296
2249
2201
2128
2058
2002
1939
1863
1804
1782
1776
1790
1817
1829
1842
1861
1884
1908
1936
1952
1956
1963
1974
1987
1993
1996
2000
2012
2018
2040
2071
2079
2063
2043
2036
2034
2037
2056
2078
2080
2072
2066
2065
2071
2080
2084
2084
2097
2107
2102
2101
2099
2107
2098
2096
2100
2096
2078
2077
2088
2103
2101
2099
2107
2116
2118
2130
2122
2119
2098
2087
2082
2093
2114
2129
2130
2133
2136
2137
2140
2146
2156
2159
2159
2154
2156
2160
2163
2175
2199
2216
2221
2225
2232
2238
2242
2235
2241
2233
2234
2231
2217
2207
2229
2253
2278
2299
2291
2286
2273
2253
2245
2257
2264
2265
2272
2273
2267
2269
2273
2275
2273
2274
2281
2284
2268
2237
2225
2217
2210
2224
2230
2220
2215
2211
2193
2170
2151
2137
2129
2114
2093
2068
2048
2034
2031
2040
2045
2053
2045
2019
2001
1985
1971
1976
1984
1988
1995
1988
1974
1965
1966
1972
1969
1961
1963
1979
1984
1979
1950
1953
1952
1959
1965
1965
1963
1970
1961
1956
1958
1957
1957
1966
1961
1973
1980
1972
1968
1975
1973
1964
1957
1955
1947
1932
1933
1949
1957
1957
1964
1986
1997
1997
1990
1995
2003
2004
2018
2028
2028
2023
2010
2003
2002
2005
2004
1997
1991
1980
1962
1956
1953
1960
1982
2008
2008
2003
2000
1999
1990
1984
1974
1972
1971
1979
1987
1982
1975
1981
1983
1987
1983
1982
1988
2011
2025
2013
1988
1991
2008
2015
2026
2026
2029
2030
2015
1989
1978
1973
1987
1988
1983
1976
1975
1976
1980
1988
1993
1991
1984
1975
1975
1986
2001
1997
2003
2021
2031
2007
1978
1977
1974
1968
1980
1996
2009
2008
2009
2008
2006
2003
1987
1980
1980
1983
1980
1983
1979
1976
1986
2006
2030
2054
2057
2036
1999
1981
1981
1978
1979
1994
2020
2022
2020
2017
2010
2008
2020
2031
2049
2053
2040
2028
2032
2030
2036
2038
2042
2045
2042
2023
2008
2001
2005
2020
2022
2011
2004
2004
2014
2019
2022
2029
2028
2024
2020
2024
2018
2016
2021
2031
2029
2021
2018
2015
2012
2012
2003
2009
2014
2023
2039
2038
2020
1996
1982
1968
1970
1975
1988
1992
2007
2005
1995
2007
2033
2040
2069
2103
2136
2151
2183
2233
2295
2329
2343
2362
2383
2365
2309
2243
2189
2126
2056
1994
1933
1881
1835
1802
1784
1777
1788
1809
1833
1859
1883
1893
1914
1950
1969
1973
1977
1994
1994
1994
1989
1981
1979
1996
2015
2034
2060
2079
2081
2076
2085
2091
2087
2076
2080
2082
2074
2060
2054
2066
2097
2119
2146
2148
2144
2144
2132
2093
2076
2079
2090
2087
2088
2084
2073
2071
2068
2084
2105
2120
2114
2111
2117
2116
2124
2140
2153
2175
2195
2210
2195
2173
2155
2150
2151
2157
2160
2167
2158
2148
2146
2160
2162
2158
2165
2185
2193
2193
2191
2199
2220
2237
2255
2258
2257
2248
2243
2232
2225
2221
2238
2259
2281
2272
2279
2276
2271
2271
2290
2300
2302
2300
2312
2320
2323
2316
2309
2298
2283
2268
2259
2252
2248
2254
2237
2210
2202
2202
2193
2187
2172
2149
2133
2127
2107
2086
2080
2078
2067
2046
2035
2034
2025
2014
2016
2019
2009
1987
1961
1944
1955
1956
1965
1981
1981
1971
1964
1956
1955
1958
1972
1984
1976
1951
1950
1951
1954
1964
1969
1970
1979
1988
1992
1977
1953
1948
1957
1964
1977
1975
1963
1952
1936
1932
1952
1971
1974
1979
1980
1983
1979
1980
1979
1987
1989
1988
1989
1997
1988
1962
1969
1985
2000
2009
2020
2012
2008
1998
1989
1987
1991
1990
1988
1985
1982
1978
1979
1974
1972
1975
2002
2024
2025
2011
1995
1986
1975
1968
1971
1998
2009
2004
1987
1984
1987
1993
1997
2005
2012
2009
1992
1975
1975
1985
1990
1998
2004
2008
2003
1991
1982
1982
1984
1987
1993
1999
1998
1989
1974
1968
1985
1994
1993
1981
1984
1985
1995
1996
1996
1982
1975
1986
1989
1996
1998
1983
1967
1960
1972
1975
1982
1996
1997
1998
1988
1986
1987
1988
1988
2002
2009
2009
2002
2009
2008
2001
1998
2010
2014
2009
1993
1985
1984
1994
1988
2005
2016
2021
2024
2028
2032
2024
1996
1999
2014
2016
2009
2007
2009
2013
1999
1985
1979
1979
1990
1983
1995
2016
2032
2036
2047
2044
2039
2032
2024
2018
2023
2025
2030
2050
2063
2069
2057
2041
2024
2014
2019
2025
2033
2059
2060
2044
2023
2016
2011
2011
2018
2038
2045
2037
2020
2013
2013
2022
2024
2017
2010
2014
2018
2011
2021
2036
2035
2037
2032
2013
1993
1976
1982
2001
2012
2009
2006
2004
2005
2006
2000
2000
2022
2052
2086
2108
2140
2168
2196
2223
2252
2294
2334
2376
2379
2349
2310
2274
2226
2174
2122
2066
1998
1934
1868
1826
1802
1788
1796
1847
1897
1921
1928
1920
1916
1938
1956
1974
1989
2010
2016
2003
2006
2023
2032
2040
2047
2051
2048
2035
2021
2012
2016
2032
2054
2069
2081
2080
2057
2055
2064
2070
2078
2088
2105
2108
2099
2081
2071
2085
2093
2112
2108
2105
2109
2111
2093
2078
2073
2079
2088
2108
2120
2114
2103
2104
2102
2097
2109
2128
2138
2132
2123
2117
2130
2138
2152
2170
2189
2193
2167
2135
2130
2135
2144
2169
2185
2191
2180
2163
2164
2170
2180
2196
2216
2223
2222
2217
2208
2208
2218
2229
2241
2251
2252
2249
2233
2220
2223
2232
2239
2259
2277
2282
2271
2262
2258
2265
2265
2260
2252
2257
2253
2248
2229
2218
2209
2206
2204
2207
2172
2146
2126
2132
2135
2131
2130
2127
2118
2090
2065
2044
2028
2003
1984
1980
1993
1990
1985
1975
1962
1954
1946
1938
1953
1968
1971
1956
1945
1942
1945
1956
1965
1974
1959
1947
1936
1929
1917
1922
1944
1967
1969
1964
1952
1949
1936
1939
1947
1944
1948
1953
1948
1941
1940
1944
1941
1942
1960
1964
1957
1945
1955
1965
1963
1952
1958
1972
1981
1991
1993
1988
1989
1992
1995
2001
2010
2002
1992
1983
1968
1967
1975
1985
1997
1990
1974
1972
1970
1972
1962
1953
1950
1975
1994
1999
1998
1998
1987
1988
1990
2007
2007
1993
1969
1967
1970
1977
1980
1984
1986
1985
1988
1990
1991
1995
2014
2025
2023
2019
1997
1988
1985
1984
1989
1981
1983
1972
1961
1947
1948
1950
1957
1965
1984
2002
2007
1991
1976
1969
1975
1988
2004
2021
2020
2009
1992
1992
2000
1999
1985
1976
1969
1969
1965
1953
1953
1964
1977
1995
2000
1996
2005
2009
1995
1988
1981
1974
1981
2001
2017
2032
2025
2006
1992
1980
1986
1997
2009
2017
2013
1998
1981
1975
1985
1997
2011
2011
2000
1991
1990
1985
1992
1993
1998
2001
2004
2007
2014
2014
2005
1995
1998
2005
2003
2007
2002
1999
2007
2006
2017
2033
2029
2017
1995
1981
1981
2001
2022
2038
2048
2044
2018
1995
2006
2032
2042
2040
2027
2022
2014
2010
2007
2006
2022
2026
2026
2029
2030
2028
2029
2027
2023
2030
2036
2039
2039
2031
2011
1991
1970
1953
1953
1968
1983
1989
1993
1996
1999
2005
1997
2004
2027
2053
2059
2050
2032
2029
2024
2031
2026
2021
2014
2002
1977
1979
2010
2043
2084
2142
2192
2229
2260
2295
2321
2337
2333
2326
2319
2291
2246
2165
2089
2007
1934
1872
1833
1808
1804
1822
1847
1843
1849
1865
1900
1918
1935
1945
1946
1953
1967
1978
2001
2028
2031
2027
2027
2024
2019
2013
2026
2048
2059
2057
2044
2045
2064
2076
2073
2084
2089
2084
2071
2058
2054
2049
2052
2070
2086
2100
2107
2090
2075
2072
2093
2105
2126
2134
2127
2102
2082
2065
2057
2065
2091
2105
2116
2120
2112
2101
2100
2104
2125
2141
2149
2144
2135
2127
2129
2129
2133
2138
2148
2159
2157
2152
2152
2155
2159
2170
2180
2204
2221
2235
2216
2208
2201
2192
2187
2200
2206
2209
2215
2221
2227
2230
2232
2244
2255
2255
2257
2255
2262
2259
2261
2263
2268
2266
2264
2261
2266
2273
2280
2279
2273
2266
2253
2231
2222
2226
2241
2221
2200
2195
2182
2163
2140
2120
2097
2081
2073
2068
2066
2064
2053
2045
2047
2040
2020
1997
1978
1977
1969
1963
1955
1953
1954
1954
1941
1936
1940
1932
1919
1914
1924
1949
1976
1993
2000
1985
1963
1947
1953
1964
1971
1976
1971
1946
1941
1936
1926
1924
1933
1946
1974
1993
2001
2000
1991
1973
1975
1973
1978
1986
1983
1971
1962
1977
1985
1986
1989
1993
1987
1982
1974
1965
1960
1969
1973
1977
1966
1957
1938
1922
1935
1970
1995
1998
2008
2018
2005
1993
2000
2003
1990
1979
1982
1981
1984
1981
1981
1981
1980
1980
1985
1989
