2176
2181
2151
2155
2169
2183
2176
2148
2121
2110
2111
2109
2108
2098
2090
2077
2062
2034
1993
1977
1985
1987
1979
1966
1984
1988
1986
1978
1973
1958
1953
1953
1947
1936
1926
1906
1885
1903
1937
1948
1953
1975
1990
2001
1997
2008
2008
2000
1988
1993
1993
1973
1938
1930
1947
1937
1913
1940
1994
2003
2010
2005
1988
1989
1998
1986
1965
1949
1943
1945
1956
1962
1989
2002
1993
1967
1961
1963
1956
1944
1943
1969
1993
1997
1978
1951
1940
1931
1945
1995
1996
1988
1984
1997
1998
1981
1953
1948
1942
1958
1984
1995
2007
2028
2028
2009
1989
1986
1960
1937
1926
1935
1964
1987
1991
1993
1986
1970
1966
1972
1970
1967
1972
1990
2004
2007
2005
1970
1942
1935
1938
1940
1952
1963
1966
1960
1955
1955
1973
1989
2004
2013
2024
2016
1989
1980
1968
1953
1965
1977
1978
1979
1962
1945
1929
1927
1924
1964
2002
2013
2011
2008
1994
1985
1995
2026
2020
2002
1991
2015
2020
2011
2009
2001
1992
2002
2004
1995
1981
1972
1974
1981
1968
1947
1961
1997
1999
1981
1972
1970
1985
2000
2008
2009
2033
2044
2061
2055
2045
2058
2065
2057
2034
2011
1996
1985
1979
1989
1987
2017
2047
2028
1981
1962
1971
1980
1995
1999
1976
1969
1973
1994
2001
2032
2096
2104
2069
2046
2049
2026
2010
1992
1986
1978
1978
1991
1994
1978
1962
1948
1959
1980
1999
2002
1996
1977
1980
1988
1996
1995
1986
1977
1990
2018
2053
2086
2120
2160
2206
2261
2304
2326
2330
2332
2320
2274
2218
2193
2171
2150
2130
2071
1963
1840
1754
1729
1757
1788
1807
1805
1827
1873
1906
1922
1934
1958
1964
1974
1984
2005
2015
2002
1992
1991
2008
2023
2020
2022
2019
2025
2041
2045
2059
2071
2055
2044
2052
2069
2068
2060
2065
2079
2094
2084
2070
2067
2067
2071
2062
2063
2071
2074
2075
2098
2107
2110
2105
2120
2131
2126
2116
2106
2109
2115
2121
2108
2093
2093
2095
2089
2091
2097
2108
2119
2138
2148
2143
2119
2104
2097
2101
2113
2140
2148
2145
2145
2146
2151
2166
2192
2200
2202
2194
2174
2163
2162
2200
2232
2253
2239
2239
2222
2217
2222
2228
2244
2266
2274
2283
2298
2286
2262
2253
2238
2220
2205
2192
2229
2255
2245
2230
2229
2230
2233
2228
2233
2237
2240
2227
2179
2117
2136
2155
2164
2164
2156
2145
2112
2078
2059
2058
2037
2020
2008
1981
1954
1954
1959
1971
1989
1985
1971
1941
1918
1942
1984
1988
1984
1984
1985
1985
1988
1964
1947
1969
1981
1979
1976
1975
1985
1978
1957
1954
1967
1958
1954
1985
2023
2018
2001
1979
1956
1938
1937
1939
1933
1930
1938
1942
1946
1967
1982
1981
1979
1967
1960
1956
1949
1946
1965
1985
1989
1993
1981
1980
1969
1966
1963
1961
1971
1995
1984
1977
1963
1943
1928
1948
1982
1997
2002
2010
2015
2015
2005
1998
2007
2007
2035
2020
1987
1976
1969
1957
1966
1970
1981
1989
1994
1971
1954
1949
1959
1973
1999
2011
2005
1996
1983
1978
1979
1990
2006
2023
2027
2012
1981
1976
1966
1965
1966
1973
1968
1956
1962
1925
1874
1866
1943
2016
2036
2051
2066
2067
2056
2034
2020
2021
2025
2025
2016
2004
1993
1996
2010
2024
2021
2013
2023
2015
1997
1976
1965
1956
1981
1989
1975
1947
1959
1996
2007
2011
2009
1994
2000
2021
2023
2001
1963
1945
1978
2026
2035
2034
2042
2032
2023
2028
2047
2045
2049
2063
2098
2119
2102
2098
2104
2102
2067
2042
2028
2018
2006
1997
1983
1981
2004
2039
2061
2048
2032
2026
2016
1990
1988
2008
2029
2032
2027
2026
2028
2017
2004
1997
1994
2000
2013
2017
2010
2014
2027
2016
1979
1968
2007
2036
2034
2031
2017
2024
2037
2041
2066
2072
2030
1997
1998
2026
2058
2104
2144
2198
2258
2319
2350
2362
2367
2352
2317
2326
2300
2244
2172
2090
2018
1958
1884
1829
1808
1795
1798
1813
1832
1853
1884
1905
1925
1941
1954
1973
1980
1989
1996
1991
2001
2036
2061
2065
2057
2037
2046
2055
2033
2013
1997
2028
2048
2066
2087
2095
2086
2098
2105
2110
2104
2101
2099
2099
2094
2106
2111
2117
2107
2094
2085
2079
2075
2068
2073
2097
2108
2091
2073
2067
2064
2075
2113
2150
2173
2151
2114
2101
2133
2142
2123
2110
2148
2170
2171
2166
2158
2145
2128
2125
2137
2141
2147
2157
2164
2167
2180
2187
2179
2174
2183
2197
2196
2185
2184
2210
2240
2261
2262
2251
2232
2238
2254
2280
2300
2284
2254
2243
2238
2235
2239
2255
2281
2297
2302
2288
2278
2267
2225
2236
2281
2300
2299
2287
2275
2239
2205
2193
2201
2194
2187
2182
2167
2132
2111
2107
2113
2116
2092
2076
2055
2028
2014
2022
1995
1959
1964
1986
1989
1993
1985
1979
1981
1976
1949
1957
1976
1985
1978
1971
1952
1954
1947
1932
1912
1911
1927
1933
1936
1919
1908
1932
1960
1977
1991
2001
1994
1970
1967
1981
1996
2009
1998
1958
1947
1959
1978
1967
1975
1982
1982
1978
1987
1988
1971
1972
1971
1973
1983
1985
1977
1973
1953
1955
1993
2020
2022
2014
1998
1988
1966
1949
1962
1999
2017
2017
2011
1993
1984
1966
1939
1935
1953
1992
2008
2003
1994
1979
1959
1951
1961
1965
1980
1995
2000
1986
1983
1977
1982
1978
1984
1975
1976
1971
1943
1939
1990
2020
2029
2020
2021
2012
1988
1965
1970
1984
2011
2028
2053
2050
2013
1986
1971
1959
1962
1969
1985
1997
2005
2008
1994
1989
1994
1981
1957
1972
1992
2005
2013
2001
1981
1983
1995
1991
2006
2026
2036
2014
1989
1996
2006
1990
1957
1950
1972
1999
2027
2040
2040
2039
2039
2029
2001
1968
1967
1975
1984
1994
2013
2022
2017
2002
1993
2001
2005
2036
2060
2084
2092
2072
2046
2032
2049
2061
2059
2056
2045
2012
2004
2019
2004
1988
2002
2006
1989
1986
1969
1965
1986
2019
2030
2010
1987
1985
2002
2000
2003
2004
2008
2011
2011
2009
2025
2045
2039
1993
1985
2002
2000
1983
1976
1967
1970
1984
1990
1985
1988
2008
2032
2042
2017
1990
1987
2012
2035
2060
2095
2150
2207
2268
2312
2344
2335
2324
2312
2318
2313
2283
2211
2121
2036
1964
1894
1837
1801
1776
1747
1746
1771
1805
1844
1865
1892
1918
1946
1962
1961
1962
1986
2017
2037
2030
2038
2041
2043
2024
2007
2013
2033
2044
2042
2056
2054
2020
2029
2042
2040
2025
2031
2053
2042
2033
2023
2012
2021
2044
2061
2070
2076
2083
2090
2089
2088
2083
2082
2094
2125
2138
2104
2095
2082
2093
2101
2114
2144
2155
2147
2134
2128
2117
2118
2141
2174
2188
2170
2143
2124
2104
2085
2089
2119
2150
2163
2152
2141
2128
2148
2164
2184
2207
2224
2229
2215
2198
2191
2205
2206
2204
2230
2232
2234
2228
2215
2219
2237
2256
2276
2282
2271
2261
2255
2254
2249
2274
2295
2295
2289
2277
2266
2258
2243
2256
2302
2306
2282
2239
2213
2194
2188
2167
2152
2141
2126
2107
2106
2118
2127
2085
2005
1991
2004
2022
2031
2007
1961
1957
1988
2009
2023
2024
2004
1974
1920
1899
1902
1918
1924
1936
1964
1985
1976
1963
1966
1985
1994
2018
2042
2016
1978
1975
1968
1943
1933
1937
1951
1943
1945
1942
1948
1972
1960
1943
1935
1952
1969
1964
1957
1961
1962
1946
1957
1966
1945
1917
1906
1908
1951
1981
2003
2018
2030
2024
2033
2019
2004
1992
1974
1939
1938
1942
1958
1947
1956
1983
2004
2009
2012
2007
1980
1975
1976
1964
1963
1972
1992
2017
2000
1982
1972
1998
2008
1998
2001
2020
2018
2012
2004
1994
1989
1976
1965
1964
1963
1957
1952
1949
1961
1963
1971
1979
2008
2026
2002
1965
1952
1947
1940
1929
1934
1946
1977
1990
2010
2026
2018
2015
2012
2012
2012
2002
2004
2002
1991
1983
1972
1956
1955
1975
1967
1936
1906
1928
1973
1999
2017
2033
2034
2029
2022
2025
2022
2014
2017
2016
2001
1986
1980
1965
1966
1976
2010
2031
2006
1989
1988
1971
1964
1963
1973
1982
1985
1995
2009
2001
1986
2001
2025
2031
2027
2012
2033
2052
2045
2052
2051
2052
2046
2025
2013
2010
2016
2022
2019
2003
2018
2071
2077
2072
2049
2031
2026
2029
2019
2012
1989
1973
1965
1955
1952
1946
1946
1960
1989
2009
2016
2012
1985
1952
1949
1985
2039
2050
2047
2035
2030
2021
2021
2025
2038
2042
2053
2048
2018
2001
2000
2000
1989
1989
1996
2013
2007
1985
1989
2035
2076
2103
2142
2198
2260
2320
2372
2399
2400
2397
2363
2310
2266
2209
2126
2042
1964
1883
1822
1789
1766
1746
1746
1773
1822
1858
1880
1896
1913
1947
1988
2000
2001
1996
1992
1988
1984
1989
1996
2014
2025
2026
2035
2061
2083
2077
2063
2056
2060
2061
2054
2070
2076
2080
2089
2112
2094
2082
2079
2080
2064
2061
2069
2084
2062
2023
2053
2103
2118
2132
2141
2149
2149
2125
2106
2094
2076
2080
2098
2124
2137
2136
2134
2115
2114
2112
2140
2155
2152
2104
2096
2107
2116
2127
2138
2163
2168
2167
2146
2115
2121
2122
2128
2146
2173
2191
2185
2191
2207
2240
2253
2257
2268
2282
2285
2284
2253
2214
2201
2225
2230
2247
2257
2237
2205
2222
2245
2264
2283
2302
2309
2303
2287
2284
2262
2243
2225
2228
2231
2228
2224
2209
2223
2216
2204
2188
2164
2141
2117
2107
2097
2081
2079
2087
2101
2104
2087
2049
2008
1989
1990
2010
2011
1995
2012
2017
2001
1984
1952
1940
1923
1903
1877
1861
1860
1877
1938
1993
1999
1995
1986
1974
1972
1966
1939
1917
1926
1942
1954
1950
1954
1954
1959
1955
1950
1967
1965
1962
1971
1985
1986
1958
1949
1951
1973
2009
2031
2024
2008
1983
1958
1957
1971
1974
1980
1964
1961
1966
1946
1935
1951
1948
1938
1974
2002
2001
1986
1986
1983
1993
2017
2055
2037
2013
2013
2004
2007
2015
2008
2002
1994
1988
1963
1940
1942
1947
1961
1974
1971
1972
1975
1970
1966
1953
1942
1943
1958
1968
1967
1948
1989
2041
2023
1998
2010
2002
1997
1994
1992
1953
1954
1961
1976
1990
2002
2003
2005
2003
1993
1985
2001
2011
1994
1986
1956
1939
1942
1972
2032
2035
2021
1994
1977
1981
1965
1978
1988
1952
1926
1951
2013
2049
2046
2024
2021
2007
1984
1984
1983
1971
1962
1946
1932
1949
1975
1997
2041
2074
2086
2059
2014
1984
1980
1982
1986
1994
1999
2006
1997
1984
1981
1973
1980
1984
2001
2030
2039
2030
2012
2010
2003
1996
1998
2009
2005
1993
2013
2040
2061
2092
2094
2080
2066
2058
2060
2062
2060
2054
2050
2037
2012
1988
1980
1959
1980
2049
2090
2081
2064
2050
2026
2001
1991
1990
1988
1982
1987
1999
1994
1995
2000
2015
2032
2027
1996
1969
1942
1947
1978
2017
2029
2043
2049
2057
2054
2050
2049
2051
2062
2041
2008
2005
2023
2067
2078
2110
2175
2243
2293
2339
2364
2386
2389
2379
2359
2337
2309
2253
2166
2077
1987
1898
1833
1805
1805
1825
1862
1880
1875
1890
1892
1882
1891
1882
1854
1905
1972
2000
2005
2016
2019
2018
2037
2049
2053
2058
2073
2074
2079
2081
2060
2057
2071
2072
2066
2061
2041
2033
2050
2067
2080
2091
2097
2100
2094
2086
2094
2101
2093
2100
2096
2077
2064
2096
2108
2139
2169
2170
2154
2139
2125
2117
2123
2112
2109
2114
2112
2097
2093
2071
2087
2134
2184
2219
2231
2199
2161
2143
2135
2137
2137
2138
2159
2167
2183
2186
2176
2168
2157
2184
2202
2216
2235
2228
2204
2202
2199
2213
2237
2278
2295
2292
2268
2233
2236
2245
2244
2242
2243
2266
2300
2305
2299
2303
2306
2303
2295
2288
2298
2286
2274
2268
2261
2268
2263
2248
2253
2243
2235
2204
2174
2148
2132
2103
2106
2099
2088
2088
2075
2064
2058
2049
2048
2043
2033
2002
1979
1965
1960
1970
1968
1973
1980
1967
1946
1929
1917
1933
1966
1989
1990
1992
1967
1966
1968
1949
1936
1946
1961
1965
1966
1979
1986
1998
2001
1982
1968
1954
1937
1916
1908
1916
1936
1930
1936
1967
1993
2015
2028
2005
2000
1994
1980
1977
1985
1992
1982
1966
1961
1969
1976
1982
1997
1999
1991
2021
2018
2006
1978
1961
1958
1961
1956
1958
1962
1959
1972
1986
1988
1978
1988
2030
2045
2042
2051
2038
2014
1979
1965
1956
1957
1945
1961
1988
2012
2010
2003
1992
1988
1997
1997
1995
1999
1994
1985
1965
1963
1972
1970
1970
1964
1970
1987
1984
1973
1969
1967
1950
1940
1945
1971
2000
2013
2044
2051
2054
2050
2085
2172
2265
2351
2424
2512
2628
2740
2835
2906
2974
3015
3017
2972
2885
2767
2630
2462
2295
2159
2037
1919
1825
1785
1753
1720
1679
1652
1641
1632
1615
1601
1580
1569
1566
1568
1589
1618
1639
1643
1655
1675
1710
1752
1793
1838
1883
1893
1884
1888
1923
1940
1964
1998
2041
2047
2017
1994
1978
1972
1976
1985
1998
2005
2033
2036
2035
2068
2062
2053
2055
2059
2050
2013
1995
2000
2012
2016
2020
2036
2031
2033
2037
2050
2057
2055
2037
2051
2045
2052
2073
2085
2091
2102
2113
2120
2112
2108
2089
2106
2133
2120
2092
2090
2080
2060
2058
2065
2077
2086
2092
2102
2121
2121
2125
2121
2105
2099
2097
2090
2091
2085
2096
2101
2119
2132
2150
2168
2185
2195
2189
2182
2182
2162
2146
2123
2105
2104
2126
2137
2139
2140
2153
2164
2147
2130
2138
2150
2181
2203
2169
2137
2121
2104
2099
2098
2087
2068
2039
2037
2042
2038
2023
2002
1967
1936
1942
1963
1971
1970
1992
2026
2030
2000
1998
1992
1965
1938
1935
1956
1974
1985
1999
1988
1977
1979
1968
1961
1963
1961
1951
1938
1934
1935
1925
1928
1934
1952
1960
1969
1993
2007
1992
1986
1982
1989
2004
2025
2022
2031
2029
2019
2009
1988
1971
1952
1945
1946
1958
1993
1999
1996
2005
1993
1982
1965
1963
1965
1949
1930
1946
1957
1972
1994
1992
1984
1979
1993
2020
2035
2055
2045
2027
2025
2006
1979
1972
1981
1990
1999
1999
1996
1992
2000
2001
2000
1979
1988
1989
1992
1975
1973
1973
1969
1974
2004
2020
2005
1971
1977
1985
1993
2001
2005
2001
1988
1952
1923
1919
1935
1954
1968
1980
1989
2002
2005
1995
2001
2017
2021
2022
2015
2031
2051
2040
2007
2010
2013
2010
2023
2042
2028
2028
2025
1996
1971
1950
1963
1996
2022
2036
2039
2027
2020
2014
2009
2000
1982
1976
1985
1992
2010
2008
1982
1963
1994
2025
2026
2016
2017
2004
1985
1981
1999
2012
2010
1998
1986
1993
1993
1990
2006
2031
2051
2059
2033
2003
1964
1975
1995
2014
2013
2008
1997
2006
2034
2047
2047
2058
2054
2045
2019
2011
2019
2018
2000
1989
1990
1995
1988
1987
2001
2007
2016
2019
2020
2003
2000
2001
2017
2017
2003
1998
2002
2009
2014
2004
1993
2011
2023
2034
2037
2029
2030
2037
2050
2064
2068
2063
2049
2040
2023
2015
2010
1995
1994
2003
2010
2016
2017
2015
2013
2005
1993
2016
2041
2046
2040
2045
2056
2041
2028
2029
2043
2041
2046
2038
2018
2024
2038
2033
2052
2071
2084
2092
2073
2047
2031
2015
1991
1979
2011
2042
2070
2070
2064
2055
2043
2024
2016
2026
2033
2028
2024
2035
2034
2019
1998
2010
2023
2045
2069
2073
2049
2043
2041
2050
2044
2047
2058
2075
2069
2061
2068
2086
2108
2128
2145
2134
2105
2066
2058
2059
2039
2023
2040
2045
2040
2042
2043
2040
2041
2047
2048
2043
2039
2037
2026
2013
1987
1958
1952
1980
2011
2045
2073
2076
2069
2066
2054
2034
2045
2054
2046
2041
2030
2025
2021
2024
2007
2011
2022
2030
2026
2052
2092
2146
2167
2190
2233
2284
2313
2330
2331
2323
2333
2343
2340
2307
2252
2190
2126
2063
2003
1927
1862
1829
1827
1817
1808
1818
1848
1882
1918
1936
1963
1997
1993
1963
1955
1973
1993
2018
2041
2071
2075
2058
2049
2057
2053
2048
2079
2093
2083
2073
2072
2064
2051
2059
2085
2104
2094
2068
2039
2029
2047
2084
2108
2120
2126
2108
2111
2134
2141
2128
2122
2105
2095
2084
2070
2041
2037
2058
2086
2097
2086
2052
2012
2013
2058
2095
2116
2122
2137
2153
2150
2136
2129
2138
2145
2140
2127
2123
2130
2114
2107
2132
2156
2184
2196
2186
2175
2163
2152
2153
2158
2163
2177
2165
2147
2170
2191
2189
2178
2197
2211
2203
2197
2195
2199
2198
2208
2221
2239
2247
2239
2235
2242
2240
2253
2256
2266
2265
2250
2235
2230
2241
2260
2258
2241
2216
2196
2169
2180
2191
2172
2143
2140
2119
2073
2053
2065
2074
2065
2049
2042
2047
2036
2017
2013
2019
2013
1995
1986
1987
1983
1971
1954
1972
1992
1992
1971
1949
1919
1899
1913
1933
1964
1987
1995
1972
1961
1981
2002
2009
2005
1987
1976
1983
2000
1997
2009
2022
2020
2012
1976
1945
1940
1921
1924
1952
1968
1977
1989
1988
1980
1977
1970
1960
1945
1949
1961
1976
1981
1969
1962
1959
1959
1977
1996
1997
1994
2000
2003
2008
2018
2022
2021
2027
2022
1995
1984
1988
2006
2014
1982
1968
1952
1954
1956
1949
1957
1971
1994
1986
1970
1965
1969
1983
1997
1989
1977
1985
1983
1974
1957
1951
1965
1967
1973
1997
2050
2061
2037
2002
1980
1976
1979
2009
2030
2030
2021
2005
1993
1983
1992
2012
2034
2037
2020
2011
2002
1992
1984
1979
1968
1981
1996
1996
1991
1982
1970
1962
1966
1970
1986
1996
1991
1979
1985
1983
1985
1986
1999
2013
2022
2004
1992
1996
1995
2000
2021
2019
2015
1993
1979
1990
1998
2000
2043
2041
2015
1998
1997
2001
1992
2001
2014
2010
2010
2015
2013
2003
1993
2001
2015
2022
2031
2045
2045
2039
2014
1995
1987
1989
2011
2038
2042
2025
2011
2018
2038
2051
2072
2073
2060
2052
2052
2034
2001
1963
1953
1976
2009
2039
2044
2028
2014
2014
2023
2033
2050
2050
2027
2002
2008
2036
2057
2037
2033
2028
2022
2023
2016
2020
2014
2015
2018
2026
2032
2042
2026
2005
1987
1983
1998
2007
2005
1996
1968
1948
1950
1948
1955
1962
2014
2096
2164
2219
2262
2310
2349
2372
2397
2399
2391
2380
2362
2304
2225
2163
2074
1981
1907
1837
1777
1739
1741
1759
1793
1824
1860
1902
1924
1923
1920
1934
1942
1975
2005
2005
1987
1972
1981
1998
2013
2038
2057
2060
2057
2064
2065
2052
2041
2062
2053
2059
2070
2057
2052
2067
2077
2079
2081
2086
2098
2104
2101
2091
2085
2088
2092
2087
2111
2123
2152
2152
2117
2093
2094
2104
2126
2138
2141
2141
2125
2118
2132
2135
2132
2137
2134
2113
2103
2098
2099
2103
2113
2142
2165
2181
2178
2167
2148
2144
2155
2173
2177
2173
2156
2159
2175
2195
2221
2242
2232
2227
2243
2226
2217
2235
2261
2266
2245
2257
2280
2281
2273
2261
2259
2266
2265
2278
2298
2305
2295
2281
2272
2278
2277
2270
2276
2274
2263
2231
2208
2208
2207
2212
2208
2198
2176
2171
2162
2167
2157
2145
2149
2163
2163
2100
2039
2037
2028
2016
2013
2014
1994
1982
1977
1967
1964
1971
1988
1997
1988
1972
1962
1949
1934
1898
1893
1916
1946
1953
1946
1939
1961
1974
1970
1962
1968
1963
1946
1935
1948
1967
1972
1958
1966
1971
1972
1966
1962
1968
1975
1968
1960
1963
1972
1976
1967
1959
1950
1957
1982
1984
1973
1974
1953
1964
1962
1949
1951
1973
1999
2027
2046
2053
2030
1988
2006
2032
2047
2045
2028
2001
1976
1960
1964
1962
1965
1973
1981
1996
1995
1985
1981
1981
1990
1999
2011
2013
1994
1980
1973
1969
1957
1935
1957
1999
2017
2002
1972
1992
2007
2026
2029
2029
2033
2032
1997
1980
1978
1996
2003
2011
2006
1995
1991
1994
1982
1953
1951
1960
1975
1991
1987
1992
1997
2003
1992
1982
1989
2003
2012
2012
2002
1993
1993
1993
2005
2007
2015
2024
2018
1983
1952
1935
1960
2010
2053
2069
2050
2032
2038
2037
2032
2012
1993
1978
1965
1967
1971
1995
2010
2012
2002
1991
1992
2000
1993
1985
1979
1985
1995
2012
2000
1973
1959
1986
1997
1992
2013
2038
2046
2065
2063
2049
2052
2066
2075
2052
2052
2066
2072
2057
2053
2040
2022
2041
2066
2071
2059
2021
2021
2043
2061
2047
2048
2046
2032
2032
2026
2016
2012
1995
1988
1984
1983
1999
2008
2023
2039
2036
2022
1997
1991
2014
2022
2013
2022
2019
2019
2031
2027
2031
2013
1997
1992
1972
1980
2025
2060
2068
2075
2073
2044
2007
1994
2015
2060
2082
2106
2152
2195
2239
2282
2308
2352
2368
2387
2386
2339
2266
2176
2089
2036
1979
1911
1842
1803
1774
1789
1798
1818
1849
1871
1886
1903
1924
1928
1929
1940
1971
1995
2013
2013
2004
2001
2007
2015
2018
2004
2021
2054
2070
2069
2050
2044
2054
2054
2053
2067
2084
2090
2064
2047
2040
2061
2085
2089
2097
2121
2129
2131
2135
2132
2096
2085
2094
2107
2102
2096
2108
2114
2108
2107
2115
2129
2128
2117
2102
2086
2090
2095
2117
2140
2157
2155
2145
2149
2150
2140
2123
2139
2158
2163
2171
2181
2198
2238
2254
2238
2228
2206
2191
2187
2193
2199
2218
2226
2232
2225
2228
2243
2237
2240
2249
2257
2272
2293
2292
2306
2305
2276
2268
2281
2290
2301
2312
2305
2297
2279
2257
2251
2256
2273
2307
2316
2288
2262
2249
2247
2246
2239
2231
2216
2193
2149
2120
2126
2120
2110
2105
2094
2080
2056
2039
2024
2027
2029
2026
1997
1989
1975
1953
1940
1935
1921
1908
1931
1953
1954
1933
1929
1942
1946
1937
1940
1959
1989
1983
1980
1979
1977
1959
1942
1930
1949
1956
1958
1948
1942
1951
1964
1971
1949
1939
1954
1973
1951
1960
1977
1981
1969
1963
1961
1941
1908
1923
1948
1972
1972
1974
1976
1975
1968
1965
1963
1973
1970
1963
1968
1981
1981
1970
1960
1954
1954
1963
1990
2013
2012
1997
1997
1994
1978
1957
1946
1951
1942
1932
1937
1961
1968
1986
1985
1987
2016
2023
2011
1980
1974
1978
1985
1989
2005
2038
2043
2020
1970
1961
1962
1970
1992
2000
1988
1972
1981
1998
1989
1950
1945
1968
1964
1955
1956
1956
1953
1947
1954
1969
1990
1995
1998
1994
1982
1972
1977
1986
1989
1971
1970
1983
1986
1979
1979
1982
1994
2002
1994
1983
1980
1971
1961
1962
1993
2012
1999
1978
1977
1999
2010
2008
1990
1971
1956
1950
1968
1985
1988
1973
1974
1996
2001
2010
1997
1990
1989
1992
1991
2021
2045
2071
2084
2082
2069
2064
2051
2042
2054
2051
2030
1994
1979
1978
1978
1972
1976
1968
1965
1959
1953
1972
1997
2000
2013
2009
2018
1995
1975
1977
1988
2004
2020
2025
2030
2021
1988
1995
2006
1997
1971
1986
1999
2011
2000
1985
1987
1987
2006
2018
2011
2006
2001
2003
1988
1977
1982
1980
1980
1997
2022
2057
2079
2100
2129
2161
2211
2265
2310
2340
2354
2341
2336
2324
2280
2211
2141
2085
2014
1921
1841
1785
1746
1728
1721
1736
1766
1811
1830
1838
1859
1908
1956
1979
1981
1983
1987
1976
1969
1999
2030
2042
2040
2040
2033
2035
2025
2012
2021
2047
2072
2088
2079
2057
2025
2010
2004
2032
2064
2071
2066
2070
2073
2062
2054
2055
2074
2086
2094
2092
2089
2085
2089
2093
2127
2126
2120
2136
2139
2116
2095
2087
2086
2080
2078
2084
2099
2094
2094
2108
2098
2089
2113
2132
2130
2132
2163
2190
2192
2188
2187
2184
2177
2175
2173
2184
2181
2177
2171
2176
2195
2192
2176
2182
2193
2208
2217
2229
2242
2276
2312
2311
2285
2259
2255
2261
2279
2302
2317
2305
2300
2302
2273
2268
2290
2292
2287
2252
2226
2215
2241
2249
2234
2209
2185
2173
2175
2160
2132
2122
2124
2128
2117
2111
2101
2082
2052
2039
2027
2017
1994
1970
1954
1947
1954
1966
1975
1981
1977
1978
1988
1981
1957
1926
1905
1905
1942
1968
1998
1996
1972
1959
1966
1970
1981
1998
2014
2017
1994
1967
1960
1949
1937
1938
1934
1945
1957
1961
1956
1945
1936
1931
1939
1950
1944
1932
1914
1898
1897
1925
1961
1982
1988
1981
1978
1988
1986
1977
1969
1977
1978
1981
1977
1966
1951
1967
1971
1977
1993
2002
2008
2006
1996
1973
1983
1997
2007
1999
2025
