1920
1937
1930
1930
1929
1927
1913
1876
1834
1808
1797
1790
1788
1780
1765
1749
1728
1702
1678
1657
1650
1643
1630
1606
1587
1565
1548
1547
1553
1571
1574
1566
1549
1546
1540
1547
1579
1622
1632
1618
1593
1569
1560
1571
1576
1579
1580
1582
1574
1569
1563
1564
1573
1591
1608
1627
1649
1651
1633
1618
1619
1627
1632
1633
1631
1652
1681
1692
1692
1691
1699
1707
1720
1723
1717
1709
1709
1711
1716
1715
1734
1750
1738
1715
1710
1725
1744
1759
1774
1785
1774
1763
1752
1775
1801
1829
1833
1838
1842
1855
1860
1858
1863
1884
1897
1907
1914
1928
1929
1922
1913
1908
1917
1929
1939
1940
1937
1914
1891
1903
1932
1947
1948
1959
1974
1973
1961
1953
1953
1964
1989
2014
2024
2018
2001
1978
1981
2015
2021
2022
2035
2028
2004
1990
1981
1985
1980
1988
2012
2036
2035
2022
2009
2008
2003
2009
2014
2024
2029
2026
2012
2006
2004
2006
2012
2025
2038
2033
2022
2020
2025
2027
2029
2017
2022
2041
2064
2063
2054
2046
2047
2042
2046
2052
2056
2061
2056
2035
2041
2060
2094
2125
2154
2171
2195
2220
2245
2292
2366
2426
2436
2421
2398
2373
2346
2312
2259
2205
2159
2091
2016
1944
1887
1865
1863
1860
1870
1908
1932
1943
1969
2002
2024
2043
2061
2075
2074
2067
2064
2073
2088
2100
2121
2143
2160
2152
2144
2129
2110
2104
2120
2144
2160
2165
2168
2157
2138
2147
2164
2167
2177
2189
2177
2155
2153
2166
2168
2173
2180
2195
2204
2207
2197
2188
2182
2179
2187
2198
2201
2195
2182
2184
2192
2210
2216
2226
2240
2246
2228
2213
2219
2230
2237
2236
2225
2204
2195
2183
2176
2180
2206
2221
2236
2257
2281
2292
2293
2275
2267
2263
2276
2302
2316
2308
2295
2286
2295
2291
2294
2309
2319
2322
2326
2326
2324
2320
2323
2341
2356
2373
2383
2361
2344
2342
2342
2349
2351
2368
2379
2373
2350
2325
2306
2285
2256
2258
2267
2269
2252
2228
2214
2204
2204
2201
2193
2176
2153
2127
2116
2105
2086
2075
2085
2084
2068
2061
2053
2044
2047
2049
2047
2047
2043
2029
2027
2020
2007
1992
1990
2013
2022
2032
2040
2037
2032
2048
2067
2072
2070
2064
2051
2037
2028
2029
2031
2035
2039
2041
2033
2019
2010
2010
2010
2011
2016
2023
2027
2023
2024
2028
2036
2039
2052
2065
2054
2041
2034
2031
2035
2038
2045
2044
2032
2018
2016
2007
2007
2030
2046
2076
2093
2094
2081
2057
2038
2037
2035
2035
2044
2067
2064
2051
2026
2017
2018
2025
2035
2049
2053
2047
2033
2024
2017
2020
2029
2046
2055
2052
2035
2026
2021
2012
2011
2028
2055
2064
2047
2030
2036
2056
2073
2056
2061
2061
2038
2018
2017
2026
2027
2029
2032
2042
2057
2053
2041
2034
2032
2031
2039
2054
2056
2044
2042
2028
2018
2021
2029
2052
2069
2087
2074
2050
2026
2012
2000
2008
2017
2029
2021
2008
1998
1993
1989
2006
2020
2042
2054
2056
2056
2052
2037
2033
2037
2035
2033
2021
2013
2004
1988
1996
2017
2051
2088
2098
2092
2078
2075
2071
2070
2077
2080
2094
2102
2100
2080
2059
2052
2046
2045
2053
2066
2062
2047
2039
2032
2039
2050
2064
2060
2053
2040
2025
2024
2035
2041
2039
2030
2024
2016
2016
2012
2019
2023
2033
2049
2066
2064
2035
2024
2020
2030
2043
2040
2053
2075
2075
2067
2047
2038
2037
2047
2049
2054
2059
2053
2053
2066
2087
2133
2191
2254
2304
2340
2357
2357
2348
2341
2329
2302
2267
2210
2141
2064
2001
1951
1899
1845
1833
1837
1838
1834
1835
1853
1889
1914
1952
1983
2009
2022
2028
2028
2034
2029
2041
2069
2075
2068
2055
2044
2045
2067
2083
2079
2091
2120
2129
2116
2089
2076
2084
2108
2126
2123
2099
2094
2091
2077
2069
2069
2082
2102
2110
2097
2096
2092
2085
2083
2099
2101
2095
2090
2096
2096
2105
2100
2108
2134
2149
2149
2142
2133
2128
2125
2130
2141
2162
2173
2172
2160
2150
2151
2161
2175
2195
2203
2190
2173
2164
2167
2180
2199
2231
2258
2253
2241
2221
2209
2205
2214
2228
2233
2239
2248
2243
2223
2223
2257
2280
2299
2321
2325
2315
2288
2273
2265
2270
2278
2298
2314
2317
2298
2278
2265
2268
2268
2274
2275
2256
2228
2205
2174
2157
2152
2149
2154
2154
2136
2113
2089
2067
2070
2074
2074
2063
2050
2026
2006
1976
1969
1987
1999
2009
2024
2012
1986
1958
1954
1957
1966
1971
1974
1962
1948
1931
1928
1943
1956
1963
1970
1981
1981
1968
1959
1964
1968
1962
1957
1964
1968
1966
1956
1953
1966
1982
1980
1985
1984
1979
1964
1954
1949
1958
1967
1972
1973
1971
1964
1967
1974
1976
1982
1975
1977
1989
1995
1981
1964
1944
1940
1944
1963
1976
1986
1985
1980
1976
1980
1990
2003
2009
2002
1992
1984
1982
1985
1993
1996
2010
2013
2009
1990
1971
1947
1955
1984
1997
2000
2012
2009
1995
1971
1955
1957
1975
1993
2019
2010
1984
1962
1972
1984
1999
2013
2016
2020
1998
1981
1986
1986
1988
1989
1985
1986
1994
1999
1997
1995
2002
2008
1996
1991
1988
1980
1961
1961
1957
1961
1971
1996
2001
1993
1975
1956
1951
1961
1977
1987
2000
2021
2035
2021
2005
1982
1971
1981
1998
2000
1989
1964
1948
1944
1956
1965
1974
1989
2010
2003
1989
2001
2015
2014
2019
2036
2042
2044
2034
2037
2043
2031
2019
2029
2034
2041
2037
2014
1987
1982
1989
2005
2013
2012
1998
1975
1964
1966
1973
1986
2009
2026
2016
2002
2007
2006
2007
2006
2003
2008
2005
1994
1986
1977
1969
1969
1989
1991
1990
1991
1995
1995
2003
1994
1984
1985
2000
2015
2013
2018
2029
2037
2033
2049
2077
2112
2138
2155
2181
2218
2245
2268
2274
2277
2274
2260
2210
2147
2087
2033
1973
1915
1859
1806
1770
1748
1738
1756
1784
1810
1841
1870
1898
1911
1921
1926
1948
1976
2001
2029
2049
2047
2039
1990
1980
1991
2019
2025
2039
2047
2054
2048
2049
2064
2067
2074
2084
2079
2069
2071
2071
2077
2085
2091
2103
2118
2117
2106
2097
2098
2099
2099
2108
2118
2105
2088
2077
2076
2061
2056
2060
2073
2090
2114
2110
2109
2129
2141
2146
2148
2159
2162
2139
2116
2109
2111
2133
2149
2159
2164
2165
2165
2169
2166
2163
2164
2177
2192
2200
2191
2182
2167
2164
2171
2173
2181
2198
2215
2222
2229
2224
2227
2219
2221
2236
2241
2235
2237
2240
2238
2242
2260
2275
2283
2277
2266
2257
2246
2248
2252
2252
2253
2259
2238
2212
2188
2178
2174
2180
2190
2193
2177
2149
2110
2093
2080
2066
2069
2076
2066
2046
2014
1987
1965
1963
1972
1995
1992
1985
1970
1953
1940
1932
1928
1933
1952
1958
1953
1938
1939
1943
1944
1939
1945
1960
1960
1937
1926
1935
1953
1965
1970
1967
1961
1939
1917
1907
1910
1922
1918
1921
1928
1931
1926
1928
1925
1943
1964
1981
1988
1997
1984
1966
1950
1944
1947
1958
1970
1978
1967
1959
1951
1946
1941
1945
1953
1963
1967
1963
1959
1955
1946
1949
1974
1984
1980
1959
1943
1940
1970
1997
2013
2007
2016
2027
2011
1988
1982
1984
1983
1984
1994
2005
2000
1977
1958
1947
1941
1952
1961
1969
1969
1962
1956
1954
1960
1973
1980
1992
1988
1977
1964
1961
1966
1974
1976
1977
1978
1994
1988
1962
1943
1950
1964
1976
1984
1975
1959
1961
1982
1984
2000
2015
2014
2008
2006
1999
1979
1952
1957
1966
1983
2002
2008
1999
1990
1979
1974
1967
1963
1974
1993
1997
1985
1974
1968
1964
1957
1971
1990
2000
1987
1969
1961
1977
1991
1981
1987
1994
1989
1982
1981
1991
1997
2004
2017
2024
2020
2016
2019
2028
2028
2024
2029
2047
2063
2064
2045
2024
2008
2000
2009
2008
2019
2030
2038
2025
2003
1988
1987
1994
2006
2004
2005
2005
2005
1992
1984
1993
2001
2010
2007
2001
1992
1992
1995
2008
2020
2034
2021
2005
1982
1970
1966
1978
2005
2018
2014
2002
1992
1984
1975
1969
1968
1981
1997
2005
2017
2035
2056
2073
2106
2159
2220
2281
2328
2339
2323
2320
2320
2300
2253
2200
2146
2077
2004
1938
1880
1821
1790
1782
1812
1840
1858
1859
1870
1882
1902
1926
1948
1975
1989
1984
1970
1980
1998
2005
2012
2036
2055
2053
2036
2043
2050
2051
2050
2055
2056
2056
2050
2045
2041
2054
2071
2086
2097
2093
2080
2066
2057
2057
2062
2070
2087
2096
2095
2084
2080
2077
2073
2076
2102
2116
2115
2098
2080
2071
2073
2087
2109
2116
2126
2116
2104
2100
2099
2101
2107
2128
2150
2157
2148
2140
2134
2125
2127
2141
2162
2171
2160
2144
2133
2138
2143
2160
2182
2200
2209
2207
2196
2182
2172
2190
2208
2224
2248
2255
2244
2229
2219
2206
2210
2227
2247
2250
2249
2251
2240
2227
2233
2249
2273
2272
2248
2246
2272
2268
2242
2216
2217
2214
2194
2171
2160
2137
2120
2125
2134
2132
2113
2097
2090
2063
2039
2044
2044
2048
2050
2043
2024
2006
1994
1994
1996
2007
2012
2010
1992
1969
1947
1947
1951
1949
1966
1984
1983
1966
1950
1944
1937
1936
1949
1962
1970
1971
1962
1958
1954
1951
1968
1982
1982
1977
1970
1955
1956
1958
1960
1977
1996
1993
1985
1986
1984
1993
1982
1975
1981
1992
1999
1998
1988
1973
1957
1959
1973
1988
1982
1976
1972
1972
1970
1976
1983
1996
2012
2022
2018
2002
1999
2001
2005
2006
2011
2013
2011
1989
1975
1980
1992
1989
2002
2013
2007
1992
1985
1990
2002
2003
2005
2007
2005
1995
1997
2011
2022
2011
1985
1979
1982
1974
1956
1960
1973
1982
1992
2004
2017
2024
2011
1984
1968
1981
1997
1999
1994
1998
2002
2001
1986
1976
1987
2004
2011
2015
2018
1991
1945
1917
1935
1958
1991
2027
2051
2052
2042
2029
2037
2058
2064
2057
2056
2044
2031
2011
1997
1993
1988
1990
2010
2025
2008
1989
1977
1975
1984
2015
2029
2033
2036
2039
2033
2022
2000
1988
1984
1999
2001
1997
1991
1999
1997
2001
2013
2027
2032
2042
2043
2040
2043
2050
2057
2063
2080
2093
2084
2056
2046
2037
2036
2034
2039
2063
2078
2063
2042
2027
2017
2012
2022
2037
2041
2034
2014
2004
2023
2036
2038
2039
2044
2045
2035
2028
2025
2031
2036
2037
2044
2061
2051
2030
1999
1987
2007
2025
2028
2038
2039
2036
2021
2031
2042
2034
2023
2025
2025
2025
2030
2047
2073
2098
2132
2182
2236
2276
2300
2308
2321
2332
2336
2328
2305
2261
2195
2120
2062
1997
1933
1860
1821
1832
1831
1816
1813
1827
1858
1894
1941
1987
2015
2024
2017
2011
2002
2002
2007
2029
2071
2083
2054
2041
2045
2040
2039
2051
2052
2064
2071
2064
2066
2081
2087
2082
2089
2109
2122
2119
2105
2093
2100
2101
2103
2105
2104
2099
2095
2093
2099
2110
2123
2124
2130
2128
2113
2094
2093
2099
2113
2115
2097
2108
2139
2137
2135
2150
2151
2146
2138
2148
2158
2162
2155
2149
2138
2138
2147
2156
2163
2160
2139
2148
2165
2184
2195
2201
2201
2200
2200
2197
2192
2197
2209
2222
2243
2255
2261
2253
2255
2264
2259
2246
2250
2264
2271
2252
2233
2210
2209
2228
2251
2267
2285
2288
2283
2277
2268
2262
2257
2242
2240
2236
2225
2209
2198
2194
2183
2169
2152
2142
2125
2101
2076
2065
2056
2058
2057
2062
2062
2051
2030
2019
2005
1998
2011
2029
2020
2015
2014
1994
1982
1977
1978
1971
1979
1984
1962
1949
1957
1961
1961
1962
1975
1978
1970
1956
1956
1957
1960
1974
1985
1986
1996
1990
1980
1970
1969
1974
1981
1991
1994
1988
1976
1970
1971
1992
1996
1993
1992
1997
1993
1991
1973
1964
1964
1976
2004
2020
2011
2003
1996
1990
1980
1980
2003
2021
2012
1993
1983
1976
1990
2008
2024
2042
2046
2021
1984
1959
1956
1962
1975
1998
2026
2021
2001
1995
2008
2012
2012
2014
2021
2020
2015
1995
1979
1972
1974
1977
1994
2022
2031
2017
2001
1991
1986
1990
1993
2010
2014
2000
1999
1993
1983
1980
1982
1985
1997
2002
1985
1970
1967
1987
2003
2012
2025
2036
2025
2002
1994
1990
1995
1999
2012
2029
2044
2038
2034
2020
2015
2013
2008
2010
2024
2034
2025
1997
1986
1984
1987
1999
2014
2012
2000
1999
1986
1981
1990
2011
2028
2032
2019
2008
1998
1992
1997
2019
2027
2028
2029
2029
2026
2016
2008
2007
2014
2027
2029
2026
2013
2017
2019
2016
2015
2019
2029
2033
2032
2023
2020
2025
2034
2041
2054
2065
2060
2043
2037
2049
2061
2062
2068
2078
2083
2067
2056
2045
2024
2022
2029
2036
2036
2037
2036
2034
2010
1999
2002
2009
2012
2014
2008
2012
2014
2022
2031
2038
2033
2029
2016
2005
2000
2003
2010
2020
2030
2045
2045
2031
2018
2015
2019
2026
2030
2029
2035
2035
2026
2035
2068
2114
2156
2190
2228
2268
2308
2334
2334
2316
2299
2286
2276
2251
2206
2144
2082
2021
1979
1927
1876
1850
1838
1823
1815
1820
1845
1892
1925
1954
1982
2012
2016
2017
2028
2046
2040
2034
2039
2042
2033
2034
2045
2065
2084
2089
2085
2080
2076
2072
2081
2088
2093
2097
2098
2101
2102
2088
2079
2073
2081
2090
2103
2114
2120
2110
2097
2096
2104
2107
2116
2126
2137
2136
2127
2103
2099
2105
2114
2130
2141
2144
2138
2128
2121
2117
2127
2132
2145
2160
2161
2147
2139
2144
2151
2166
2176
2187
2191
2186
2172
2166
2171
2183
2200
2220
2231
2219
2211
2202
2197
2199
2215
2232
2253
2246
2237
2238
2252
2265
2284
2290
2307
2303
2280
2256
2243
2244
2258
2257
2263
2281
2293
2291
2290
2295
2288
2278
2274
2274
2266
2257
2238
2224
2208
2200
2189
2178
2172
2165
2137
2115
2101
2095
2096
2105
2104
2088
2064
2045
2037
2026
2010
2006
2003
1996
1984
1964
1957
1963
1966
1966
1974
1985
1993
1988
1969
1951
1954
1977
2007
2028
2037
2018
2001
1980
1965
1969
1979
1983
1981
1979
1972
1959
1936
1932
1928
1941
1973
1994
1983
1977
1971
1976
1981
1984
1991
2005
2011
2001
1983
1970
1963
1972
1990
2006
2009
1998
1972
1955
1957
1954
1951
1959
1967
1941
1916
1901
1897
1900
1914
1929
1943
1941
1928
1897
1870
1860
1868
1884
1904
1914
1902
1872
1845
1822
1818
1834
1873
1927
1931
1891
1848
1820
1813
1824
1836
1863
1876
1858
1821
1795
1783
1789
1809
1836
1856
1847
1803
1751
1716
1708
1732
1780
1824
1845
1834
1798
1769
1759
1771
1796
1835
1880
1894
1883
1866
1864
1869
1883
1899
1911
1928
1956
1981
2001
2013
2024
2050
2040
2051
2124
2221
2275
2289
2282
2250
2226
2214
2209
2196
2179
2167
2157
2152
2155
2156
2166
2162
2137
2098
2067
2036
2011
1997
2018
2036
2049
2052
2035
2018
2022
2029
2051
2075
2083
2076
2055
2076
2101
2123
2147
2177
2195
2182
2163
2147
2122
2117
2122
2138
2145
2149
2140
2127
2112
2105
2098
2095
2093
2106
2112
2106
2101
2092
2080
2073
2088
2097
2098
2099
2099
2096
2093
2091
2088
2095
2107
2109
2106
2099
2097
2097
2092
2081
2084
2082
2076
2066
2065
2072
2073
2072
2076
2084
2084
2072
2056
2059
2076
2107
2129
2154
2169
2186
2200
2222
2248
2286
2325
2354
2359
2353
2332
2315
2289
2250
2186
2118
2059
1993
1933
1879
1853
1844
1845
1853
1879
1903
1915
1911
1911
1925
1952
1978
2005
2034
2044
2042
2035
2029
2035
2041
2053
2078
2106
2104
2086
2085
2091
2097
2091
2100
2122
2146
2156
2150
2129
2113
2105
2111
2117
2121
2117
2118
2105
2098
2097
2108
2119
2132
2148
2156
2148
2152
2161
2167
2166
2170
2185
2180
2152
2125
2123
2128
2135
2154
2173
2176
2173
2164
2157
2158
2167
2168
2183
2195
2201
2196
2189
2178
2177
2193
2220
2236
2243
2240
2230
2217
2208
2205
2223
2249
2271
2272
2258
2240
2239
2244
2253
2272
2278
2280
2288
2290
2277
2283
2297
2300
2318
2335
2324
2316
2312
2316
2331
2334
2339
2342
2326
2303
2297
2288
2275
2260
2260
2264
2257
2238
2218
2205
2198
2184
2170
2165
2153
2124
2099
2074
2057
2040
2039
2042
2041
2046
2036
2021
2015
2014
2009
2005
1996
1988
1987
1976
1959
1958
1956
1950
1949
1960
1968
1961
1951
1948
1954
1963
1969
1972
1988
1981
1969
1960
1943
1939
1956
1972
1981
1981
1979
1959
1945
1946
1961
1967
1972
1973
1976
1973
1963
1969
1990
1992
1984
1983
1978
1961
1937
1925
1927
1932
1932
1951
1979
1989
1984
1985
1970
1950
1940
1946
1958
1969
1969
1958
1946
1943
1949
1963
1981
1991
1988
1990
1983
1983
1989
1991
1991
1991
1990
1987
1974
1944
1936
1947
1966
1982
1990
1987
1979
1973
1982
1988
1986
1976
1973
1958
1941
1929
1938
1947
1959
1972
1978
1963
1964
1971
1965
1960
1966
1963
1965
1975
1988
1977
1948
1934
1943
1966
1973
1974
1970
1966
1960
1956
1953
1956
1954
1956
1960
1972
1962
1945
1938
1937
1949
1967
1975
1984
1989
1976
1956
1944
1956
1960
1957
1974
1994
1988
1975
1961
1949
1948
1977
2007
2021
2005
1981
1960
1957
1965
1972
1977
1995
2014
2006
1984
1961
1951
1943
1954
1965
1974
1963
1946
1940
1943
1950
1965
1979
1988
2000
2017
2004
1990
1995
2015
2019
2033
2048
2052
2029
2017
2016
2009
2002
2004
2008
2007
1993
1974
1967
1971
1992
2014
2026
2018
1999
1985
1977
1971
1967
1967
1986
2010
2018
2009
1986
1963
1962
1973
1984
2000
2010
2002
1985
1973
1974
1982
1989
1993
2006
2008
1988
1976
1972
1978
1992
1989
1982
1992
1997
1997
2003
2034
2064
2096
2152
2218
2277
2304
2304
2292
2287
2274
2249
2216
2180
2123
2056
1993
1933
1875
1834
1811
1802
1801
1799
1800
1814
1835
1854
1870
1900
1926
1932
1925
1928
1943
1960
1983
2015
2043
2042
2032
2017
2011
2012
2032
2047
2055
2066
2075
2065
2056
2045
2040
2046
2067
2074
2064
2050
2034
2027
2016
2019
2037
2063
2073
2074
2061
2047
2053
2062
2064
2069
2080
2085
2079
2063
2058
2069
2081
2103
2120
2109
2099
2094
2096
2100
2106
2120
2123
2114
2123
2126
2124
2113
2098
2101
2122
2144
2149
2141
2129
2131
2132
2138
2145
2154
2164
2168
2162
2147
2144
2148
2163
2177
2194
2201
2209
2209
2196
2202
2210
2223
2233
2237
2225
2230
2234
2233
2232
2232
2248
2271
2273
2275
2259
2233
2218
2214
2205
2213
2223
2223
2209
2186
2159
2142
2136
2129
2124
2109
2091
2078
2085
2076
2061
2049
2043
2032
2023
2006
1981
1964
1960
1956
1956
1972
1987
1974
1952
1943
1939
1935
1937
1949
1968
1974
1952
1936
1931
1945
1954
1962
1974
1997
1990
1961
1935
1931
1937
1936
1945
1978
1998
1995
1970
1958
1948
1954
1960
1978
1983
1977
1950
1932
1933
1938
1955
1977
1989
1983
1988
1992
1988
1976
1975
1979
1982
1973
1967
1960
1959
1958
1961
1975
1994
2007
2009
1992
1970
1960
1968
1970
1969
1984
1998
1998
1996
1986
1973
1970
1969
1979
1986
1995
1992
1981
1975
1977
1990
1993
1997
2001
1994
1979
1975
1986
1991
1995
2001
2002
2014
2025
2009
1990
1988
1987
1997
2002
1993
1976
1959
1947
1954
1975
1989
2002
2012
2010
1999
1988
1985
1996
2003
2004
2008
2002
1985
1964
1965
1968
1977
1990
2011
2022
2005
1988
1992
2013
2008
2007
2012
2017
2016
2011
2007
2002
2000
1989
1978
1978
1991
1992
1980
1973
1965
1969
1990
2006
2027
2034
2033
2024
2019
2013
2007
2009
2018
2027
2017
1998
1997
2001
2001
1996
2005
2025
2036
2027
2018
2009
2009
2019
2037
2047
2042
2026
2006
1990
1980
1977
1977
1990
2003
2015
2012
2010
2018
2036
2048
2071
2082
2081
2069
2055
2044
2049
2058
2056
2056
2061
2057
2038
2016
2011
2023
2031
2033
2047
2057
2048
2032
2023
2019
2014
2015
2024
2041
2051
2051
2040
2038
2039
2042
2054
2064
2062
2051
2039
2027
2012
1998
1992
2002
2026
2038
2034
2031
2022
2007
2018
2031
2032
2021
2018
2010
2010
2011
2031
2064
2127
2191
2237
2274
2315
2338
2352
2357
2360
2357
2339
2297
2244
2183
2119
2061
1998
1931
1872
1830
1802
1800
1812
1829
1858
1894
1937
1973
1987
1991
1994
2008
2016
2028
2044
2051
2052
2051
2038
2036
2039
2041
2050
2074
2091
2093
2088
2076
2080
2082
2080
2081
2090
2080
2070
2063
2068
2068
2070
2058
2062
2073
2096
2099
2100
2113
2132
2145
2144
2147
2133
2109
2088
2090
2092
2100
2100
2104
2111
2115
2107
2103
2106
2121
2135
2141
2137
2129
2119
2111
2105
2118
2140
2160
2182
2192
2192
2184
2168
2148
2143
2145
2164
2190
2211
2207
2206
2214
2219
2220
2230
2244
2250
2239
2216
2204
2206
2213
2236
2256
2275
2278
2269
2248
2241
2246
2264
2285
2299
2307
2299
2283
2271
2274
2283
2278
2277
2281
2267
2246
2224
2216
2215
2220
2209
2200
2179
2150
2113
2092
2085
2076
2076
2088
2088
2068
2034
2005
2000
2009
2017
2021
2028
2019
2008
1996
1985
1976
1977
1971
1979
1999
2002
1982
1967
1959
1967
1976
1987
1978
1965
1954
1944
1936
1932
1939
1958
1995
2021
2024
1991
1967
1970
1968
1957
1955
1973
1982
1972
1962
1963
1971
1976
1984
1985
1989
1986
1981
1976
1977
1984
1998
2014
2028
2032
2017
1996
1969
1944
1948
1978
2001
2025
2031
2013
1993
1990
1995
2004
2010
2015
2014
2010
2003
1997
1987
1990
1987
1990
2002
2004
1998
1982
1976
1975
1994
2016
2041
2029
2018
1998
1979
1968
1983
1992
2010
2007
1995
1981
1968
1961
1968
1976
1984
1995
2006
2001
1997
1991
1997
2008
2022
2025
2021
2017
2003
1965
1948
1954
1969
1992
2003
2001
1999
1994
1994
1990
1982
1972
1977
1995
2016
2020
2011
2001
1995
1998
2010
2032
2041
2034
2021
2011
2008
2011
2017
2017
2017
2003
1984
1984
1982
1979
1996
2008
2022
2014
1986
1965
1954
1955
1975
1990
2001
2007
2002
1997
1988
2004
2016
2032
2042
2051
2045
2028
2007
2004
2008
2008
2012
2018
2022
2025
2022
2018
2012
2006
2003
2009
2020
2024
2012
1994
1990
1990
1988
1987
1996
2010
2026
2028
2034
2044
2048
2046
2058
2074
2072
2061
2049
2042
2033
2029
2037
2053
2069
2061
2045
2035
2038
2032
2032
2039
2039
2043
2035
2018
2001
2003
2017
2032
2050
2058
2051
2034
2019
2015
2014
2023
2035
2041
2033
2027
2018
2014
2015
2029
2031
2032
2033
2032
2011
1998
2003
2007
2006
2011
2033
2046
2045
2027
2011
1993
1995
2036
2085
2116
2144
2177
2208
2252
2304
2346
2372
2385
2383
2349
2294
2227
2178
2125
2080
2026
1963
1897
1834
1796
1782
1813
1856
1873
1889
1910
1929
1949
1962
1980
1998
2022
2028
2030
2024
2024
2027
2033
2034
2050
2074
2087
2080
2064
2054
2052
2050
2044
2050
2064
2077
2083
2092
2089
2078
2063
2068
2083
2086
2076
2067
2061
2064
2068
2083
2100
2101
2105
2109
2098
2089
2098
2108
2117
2125
2140
2129
2109
2096
2097
2102
2112
2132
2159
2175
2168
2148
2141
2133
2126
2127
2144
2156
2157
2140
2130
2130
2143
2153
2166
2174
2182
2178
2167
2164
2167
2161
2163
2185
2211
2222
2228
2225
2223
2222
2227
2239
2251
2257
2245
2241
2243
2251
2248
2259
2271
2277
2278
2283
2276
2263
2265
2270
2286
2293
2290
2272
2245
2215
2210
2214
2215
2211
2217
2199
2158
2129
2116
2115
2116
2105
2097
2087
2083
2065
2049
2033
2021
2015
2014
2010
1997
1995
1991
1993
1986
1983
1985
2004
2010
2004
1980
1966
1961
1963
1963
1973
1979
1976
1957
1941
1937
1940
1944
1957
1955
1949
1949
1951
1956
1962
1973
1971
1960
1970
1977
1966
1941
1918
1933
1950
1976
2010
2033
2021
2009
1992
1994
2000
1995
1998
2010
2007
1991
1986
1986
1988
1987
1991
1997
2004
2001
1994
1978
1977
1975
1978
1982
1996
1998
1996
1998
2009
2017
2011
2000
2004
2009
1994
1981
1978
1974
1984
2014
2031
2029
2024
2009
1987
1979
1979
1983
1992
2011
2015
1997
1974
1965
1962
1970
1982
1998
