1984
2010
2011
2020
2038
2049
2054
2054
2031
2029
2045
2038
2035
1998
1989
2004
2027
2059
2064
2041
2053
2067
2072
2066
2052
2031
2033
2041
2059
2077
2077
2060
2058
2073
2065
2064
2070
2074
2064
2056
2040
2034
2043
2054
2060
2061
2066
2069
2046
2034
2023
2015
2000
2001
2014
2024
2038
2045
2024
2014
2020
2013
2026
2043
2050
2055
2052
2027
2003
2004
2033
2049
2062
2065
2061
2053
2055
2061
2089
2109
2121
2132
2153
2189
2243
2299
2347
2362
2354
2343
2327
2290
2221
2159
2102
2055
2008
1963
1924
1886
1847
1829
1832
1842
1868
1902
1937
1951
1948
1948
1955
1972
1996
2025
2036
2028
2026
2024
2034
2046
2066
2076
2087
2088
2099
2096
2080
2076
2081
2090
2112
2133
2133
2121
2097
2079
2076
2080
2103
2121
2130
2112
2105
2113
2107
2114
2132
2143
2141
2135
2124
2113
2109
2113
2116
2119
2117
2122
2121
2129
2145
2151
2146
2135
2128
2131
2129
2144
2143
2137
2144
2144
2146
2152
2170
2187
2219
2239
2235
2212
2205
2195
2196
2191
2191
2192
2203
2202
2198
2203
2229
2244
2239
2244
2245
2234
2224
2231
2257
2275
2292
2309
2307
2283
2261
2274
2285
2286
2282
2277
2274
2273
2276
2281
2274
2250
2254
2255
2225
2218
2222
2231
2239
2243
2235
2205
2166
2145
2138
2107
2080
2090
2104
2093
2085
2072
2040
2012
2000
1991
1993
2001
2014
2009
1986
1972
1959
1952
1952
1971
1991
1989
1981
1979
1977
1975
1969
1981
1969
1967
1960
1954
1951
1947
1938
1947
1950
1942
1938
1941
1953
1949
1946
1946
1948
1957
1971
1973
1977
1975
1969
1977
1989
1978
1973
1972
1968
1966
1963
1939
1943
1962
1979
1976
1988
1984
1975
1956
1957
1968
1967
1973
2003
2020
2018
1996
1990
1997
2009
2015
2018
2012
2008
2004
1995
1987
1980
1978
1965
1951
1960
1984
1996
1997
1979
1981
1998
1995
1980
1975
1976
1979
1977
1983
2000
2018
2006
1979
1963
1960
1960
1955
1964
1982
1984
1982
1983
1979
1978
1978
1988
1988
1968
1985
2007
2002
1994
1983
1991
1995
2005
1996
1989
1980
1975
1977
1977
1981
1993
2017
2027
2013
1998
1990
1983
1997
2005
2010
2006
2010
1996
1991
1989
1990
2001
2005
1985
1981
1976
1961
1960
1978
1989
2002
2019
2019
2004
1999
1984
1981
1990
2006
2016
2013
2014
2022
2021
2008
2001
1997
2021
2042
2051
2050
2046
2053
2045
2025
2014
2009
2010
2005
2002
2003
2012
2008
2010
2017
2011
2011
2014
2005
2002
2000
2002
2008
2007
2008
2012
2016
2015
2009
1998
1978
1975
1990
2009
2001
1991
1991
2004
1995
1999
2005
1997
1985
1987
1994
1999
2002
2010
2016
2026
2033
2051
2074
2086
2112
2160
2178
2201
2233
2241
2238
2248
2257
2259
2238
2199
2120
2056
1998
1933
1890
1847
1802
1794
1804
1814
1822
1819
1828
1841
1853
1871
1896
1917
1940
1961
1978
1980
1984
1984
1992
2002
2011
2034
2037
2032
2027
2010
2026
2046
2047
2057
2064
2061
2054
2045
2040
2065
2089
2091
2084
2080
2073
2065
2055
2069
2096
2120
2121
2110
2096
2102
2106
2110
2111
2106
2099
2093
2089
2090
2105
2108
2106
2108
2108
2089
2073
2074
2075
2086
2104
2116
2137
2147
2151
2146
2134
2123
2128
2138
2141
2142
2157
2166
2175
2189
2180
2174
2166
2168
2166
2170
2189
2214
2228
2211
2191
2232
2275
2289
2277
2266
2257
2266
2295
2315
2313
2304
2276
2270
2266
2264
2265
2268
2280
2294
2297
2295
2288
2283
2270
2257
2253
2238
2218
2199
2187
2177
2170
2161
2151
2130
2116
2094
2084
2078
2055
2049
2045
2036
2025
2029
2049
2042
2008
1978
1975
1973
1954
1927
1910
1906
1907
1929
1925
1933
1944
1954
1957
1953
1949
1949
1949
1952
1952
1953
1936
1927
1925
1937
1928
1919
1936
1954
1963
1964
1954
1945
1941
1953
1975
1989
1995
1997
1977
1960
1950
1950
1960
1988
2006
2001
1996
1974
1953
1959
1956
1965
1984
1996
2020
2045
2022
1997
1968
1947
1924
1929
1939
1945
1946
1948
1945
1952
1958
1971
1978
1963
1948
1945
1960
1971
1977
1989
1988
1988
1985
1989
1989
1976
1965
1968
1978
1986
1987
1978
1993
1988
1981
1961
1955
1971
1982
1971
1962
1955
1967
1985
2002
2007
2012
2017
2034
2031
2016
1990
1968
1970
1984
1995
1991
1988
1972
1962
1956
1958
1955
1964
1973
1977
1980
1979
1981
1986
1998
2010
2015
2021
2021
2016
2007
2006
2018
2032
2013
1972
1959
1968
1974
1970
1959
1959
1969
1978
1982
1974
1974
1981
1989
2027
2048
2040
2029
2017
2005
2000
2008
2015
2029
2042
2028
2019
2025
2022
2025
2026
2029
2033
2027
2020
2015
2015
2008
2001
1997
2009
2013
2015
2020
2017
2008
2001
1998
2008
2010
2007
1999
2006
2006
2001
1986
1987
2005
2007
2002
2000
1997
1989
1990
1990
2006
1993
1976
1987
1982
1983
2002
2014
2021
2033
2045
2047
2052
2081
2114
2120
2137
2188
2241
2273
2268
2251
2249
2247
2226
2205
2186
2155
2092
2029
1960
1903
1850
1811
1799
1788
1793
1821
1844
1869
1900
1920
1937
1953
1957
1951
1945
1955
1960
1965
1986
2001
2029
2052
2061
2054
2039
2028
2027
2013
2007
2019
2041
2050
2043
2035
2049
2066
2085
2094
2085
2065
2053
2041
2035
2039
2038
2057
2078
2106
2113
2078
2046
2060
2075
2091
2116
2130
2137
2126
2111
2106
2096
2086
2087
2092
2094
2105
2114
2123
2123
2125
2136
2161
2161
2138
2105
2075
2070
2059
2076
2099
2109
2119
2130
2138
2151
2156
2157
2161
2175
2185
2183
2175
2185
2188
2196
2200
2211
2227
2233
2218
2226
2236
2235
2240
2265
2282
2277
2260
2258
2262
2256
2252
2259
2250
2232
2222
2229
2236
2220
2188
2185
2199
2181
2161
2160
2165
2158
2133
2097
2074
2074
2084
2077
2053
2037
2026
2004
1980
1973
1982
2006
2012
2000
1983
1962
1946
1943
1956
1969
1965
1960
1952
1931
1929
1949
1957
1953
1950
1943
1947
1942
1933
1929
1939
1963
1958
1939
1923
1912
1913
1924
1929
1939
1937
1930
1926
1947
1956
1955
1960
1965
1963
1962
1974
1965
1951
1945
1947
1958
1971
1974
1977
1983
1969
1959
1940
1933
1953
1984
1998
1996
1980
1964
1964
1964
1966
1991
2003
2005
2006
1995
1962
1937
1952
1978
1981
1994
1991
1980
1975
1969
1954
1949
1968
1996
1995
1983
1984
1986
1986
1962
1956
1954
1964
1979
1988
1986
1984
1975
1971
1970
1975
1975
1968
1965
1975
1972
1955
1957
1957
1968
1988
1987
1985
2011
2017
1999
1990
1988
1982
1981
1981
1983
1978
1975
1974
1988
2015
2032
2026
2018
1994
1984
1984
2001
2015
2009
2003
1998
1986
1969
1957
1960
1985
2009
2001
1986
1973
1992
2002
1993
1992
1995
2001
1989
1982
1983
1988
1977
1987
2017
2022
2013
2001
1989
1976
1977
1973
1982
1998
2019
2017
2031
2026
2021
2025
2029
2033
2037
2031
2024
2014
2016
2017
2018
2014
2017
2025
2009
1993
1995
2001
2001
2008
2010
2010
2002
2003
2004
2002
1984
1979
1983
1991
1992
2009
2007
1997
1996
2012
2029
2041
2042
2040
2034
2036
2029
2017
1998
2007
2021
2022
2022
2014
1996
1990
1992
1984
1997
2017
2024
2016
2026
2047
2077
2108
2153
2216
2267
2290
2310
2325
2312
2307
2298
2265
2226
2171
2104
2041
1978
1917
1869
1843
1841
1850
1860
1875
1885
1879
1879
1924
1956
1964
1975
1998
2008
2024
2027
2010
1992
1998
2005
2020
2048
2060
2049
2042
2039
2046
2057
2056
2056
2060
2061
2057
2057
2066
2081
2076
2067
2067
2073
2070
2064
2061
2065
2076
2094
2111
2120
2107
2082
2065
2067
2093
2095
2094
2110
2109
2117
2130
2139
2137
2128
2125
2110
2102
2111
2108
2104
2115
2130
2140
2149
2161
2155
2150
2144
2143
2139
2142
2137
2140
2140
2143
2156
2169
2175
2180
2188
2179
2185
2211
2208
2216
2247
2245
2246
2260
2263
2232
2218
2214
2223
2240
2256
2261
2259
2248
2221
2214
2237
2258
2268
2275
2277
2271
2252
2252
2239
2227
2231
2225
2204
2190
2184
2160
2125
2111
2099
2096
2098
2099
2100
2100
2093
2087
2073
2063
2045
2030
2017
1997
1970
1953
1945
1945
1948
1944
1943
1941
1951
1956
1971
1975
1968
1956
1942
1937
1942
1945
1957
1960
1985
1991
1978
1972
1984
1998
1999
1984
1974
1983
1980
1978
1975
1985
1968
1949
1937
1942
1949
1958
1946
1943
1937
1950
1963
1973
1982
1993
1993
1987
1980
1980
1964
1953
1951
1967
1997
2004
1996
1992
1997
1993
1992
2007
2020
2005
1988
1981
1976
1966
1968
1969
1981
1984
1961
1953
1982
2001
2012
2015
2017
2019
2016
2017
2010
2005
2001
2001
1997
1997
1998
2011
2017
2017
2001
2000
2009
2020
2011
2001
1993
1998
1996
1985
1997
2017
2025
2010
1997
2008
2001
1986
1971
1962
1960
1971
1987
1977
1991
2008
2001
1997
2004
2006
2009
2004
2006
2008
2011
2007
2002
2000
1998
1990
1989
1989
1991
1986
1983
1987
1987
1988
1985
1987
1980
1987
2001
2022
2022
2035
2038
2030
2021
2023
2033
2060
2066
2068
2043
2015
2005
1999
1976
1957
1954
1969
1968
1970
1981
1978
1972
1967
1968
1978
1994
2007
2004
2002
2008
2008
2017
2043
2052
2042
2025
2017
2016
2011
2006
2025
2064
2084
2094
2081
2070
2067
2054
2049
2042
2028
2015
2007
2019
2037
2056
2072
2058
2040
2028
2026
2017
2017
2007
1982
2000
2020
2028
2038
2031
2013
1998
2000
2008
2018
2024
2021
2018
2020
2020
2009
2012
2022
2042
2049
2025
1997
1991
1996
2001
2012
2039
2080
2113
2140
2183
2228
2275
2300
2319
2334
2345
2325
2295
2274
2240
2185
2112
2057
2002
1945
1892
1874
1869
1874
1871
1859
1877
1908
1937
1953
1969
1980
1977
2004
2024
2011
2004
1988
1988
2021
2037
2046
2048
2058
2065
2063
2058
2063
2073
2075
2072
2070
2072
2082
2098
2093
2084
2083
2085
2089
2106
2118
2109
2092
2086
2074
2085
2095
2099
2096
2086
2070
2072
2091
2103
2103
2110
2138
2157
2146
2136
2133
2119
2120
2125
2133
2142
2142
2131
2131
2131
2139
2140
2150
2178
2184
2160
2164
2177
2167
2156
2153
2159
2168
2180
2179
2183
2185
2182
2189
2204
2215
2222
2219
2218
2210
2213
2227
2238
2243
2249
2259
2269
2273
2285
2277
2247
2252
2296
2340
2313
2275
2266
2281
2284
2271
2261
2278
2282
2266
2241
2228
2227
2221
2212
2205
2192
2183
2170
2157
2135
2109
2093
2096
2088
2088
2069
2029
2023
2013
2001
2000
2031
2026
2012
2024
2017
2001
1976
1966
1984
1989
1984
1983
1975
1967
1968
1966
1961
1969
1977
1977
1974
1974
1973
1984
1978
1965
1957
1936
1919
1937
1955
1982
2008
2008
2019
2024
2004
1978
1981
1987
1981
1982
1993
2014
2032
2031
2000
1972
1963
1975
1977
1989
1994
1983
1976
1958
1951
1977
1995
2005
2008
2027
2026
2011
1987
1965
1957
1946
1961
1990
2011
2004
2004
1995
1984
1978
1984
1992
2013
2014
2016
2026
2023
2014
2004
2002
2008
2017
2019
2024
2025
2016
2016
2033
2035
2021
2011
2007
2001
2004
2011
2021
2036
2039
2034
2013
1986
1963
1954
1960
1984
2000
2005
1994
1991
2000
2000
1994
1998
2007
2015
2006
1995
1988
2001
2024
2039
2035
2023
2019
2015
1993
1969
1982
1994
2006
2018
2030
2016
2005
1998
1990
1957
1955
1973
1999
2010
2016
2018
2012
1995
2007
2012
2023
2030
2045
2056
2065
2061
2037
2007
2001
2016
2014
2000
2006
2020
2029
2044
2044
2033
2017
2008
2005
2004
1992
1979
1981
1985
1998
2026
2029
2024
2006
1985
1981
1988
1997
2008
2002
2010
2039
2068
2089
2082
2075
2068
2062
2056
2059
2052
2062
2070
2081
2097
2091
2069
2061
2051
2032
2019
2014
2028
2037
2051
2054
2038
2028
2035
2028
2023
2035
2055
2057
2061
2070
2071
2054
2058
2056
2045
2049
2044
2016
1991
2001
2028
2026
2029
2040
2040
2034
2036
2030
2028
2037
2042
2044
2050
2043
2026
2022
2006
1994
1999
2017
2039
2071
2109
2154
2219
2287
2318
2341
2347
2352
2348
2338
2320
2297
2263
2212
2148
2062
2001
1952
1908
1869
1843
1841
1862
1887
1918
1936
1947
1949
1951
1961
1991
2003
2005
2021
2023
2013
2014
2018
2031
2053
2074
2083
2088
2100
2091
2088
2098
2110
2107
2108
2099
2072
2063
2061
2055
2069
2090
2116
2125
2121
2112
2117
2111
2102
2107
2110
2102
2095
2085
2102
2129
2132
2106
2101
2099
2109
2116
2126
2126
2114
2109
2121
2143
2156
2162
2157
2145
2136
2151
2165
2181
2187
2190
2183
2167
2158
2159
2150
2147
2144
2146
2154
2181
2206
2223
2225
2213
2224
2237
2253
2247
2234
2237
2248
2237
2226
2232
2258
2276
2270
2250
2262
2276
2290
2297
2297
2290
2293
2292
2295
2297
2293
2292
2274
2264
2263
2265
2252
2246
2242
2245
2240
2230
2201
2168
2163
2155
2140
2136
2145
2144
2123
2102
2083
2071
2063
2062
2063
2056
2041
2035
2028
2007
1993
1984
1979
1980
1984
1966
1957
1953
1953
1950
1945
1948
1957
1957
1949
1945
1949
1945
1940
1938
1961
1979
1976
1963
1981
1989
1966
1955
1963
1967
1971
1977
1989
1981
1972
1969
1967
1980
1989
1986
1972
1967
1966
1969
1973
1983
1985
1988
1982
1965
1951
1949
1953
1964
1972
1983
1986
1983
1992
1990
1973
1966
1983
1977
1972
1976
1982
1987
1998
2013
2027
2018
2007
1993
1986
1979
1984
1975
1970
1969
1982
1990
2000
2008
1991
1981
1983
1974
1986
2000
2012
2024
2028
2018
1995
1980
1959
1954
1959
1972
1978
1984
1977
1971
1975
1979
1983
1988
1990
2001
2004
2004
2003
2009
2024
2022
2014
1998
1990
1978
1970
1965
1964
1967
1983
1998
1999
1977
1969
1972
1981
1982
1971
1960
1945
1934
1953
1951
1958
1945
1957
1974
1977
1984
2003
2033
2071
2128
2208
2306
2405
2519
2634
2746
2857
2962
3037
3085
3080
3048
2981
2890
2756
2600
2425
2263
2120
2007
1911
1842
1793
1745
1704
1674
1680
1673
1635
1604
1588
1585
1593
1622
1637
1629
1634
1648
1676
1711
1739
1753
1778
1817
1850
1875
1885
1884
1892
1911
1939
1974
1999
1994
1973
1969
1964
1967
1960
1979
2000
2012
2014
2003
1996
2005
2001
2007
1981
1960
1986
2011
2012
2007
2002
2004
2012
2025
2026
2029
2032
2025
2024
2022
2020
2020
2034
2038
2031
2024
2031
2038
2025
2012
2013
2015
2032
2049
2059
2070
2061
2025
2021
2030
2035
2038
2033
2034
2039
2037
2059
2085
2081
2062
2052
2055
2048
2053
2064
2082
2085
2083
2081
2077
2065
2057
2045
2054
2069
2072
2071
2075
2076
2082
2087
2101
2130
2148
2132
2123
2114
2117
2120
2113
2127
2126
2115
2108
2096
2080
2075
2066
2061
2085
2146
2144
2096
2047
2020
1993
1977
1975
1979
1969
1975
1984
1990
1990
1991
2010
2022
2016
1996
1974
1953
1953
1961
1956
1963
1960
1942
1949
1955
1966
1970
1957
1957
1972
1970
1949
1943
1949
1947
1941
1954
1978
1997
2004
2009
1998
1970
1954
1943
1946
1985
2008
2011
2010
2013
2000
1986
1983
1993
2005
2010
1993
1981
1979
1993
2010
2023
2024
2017
2011
2018
2016
1999
1985
1977
1988
1989
1991
1987
1985
1980
1990
2000
1998
1991
2000
2002
1986
1969
1974
1971
1981
2001
2018
2013
2017
2020
2009
2001
1999
1998
1995
1991
1961
1956
1974
1966
1944
1944
1955
1981
2004
2005
2006
2013
2017
2013
2017
2021
2012
2008
2011
2009
2007
2005
2007
2018
2019
2008
2001
2003
2012
2011
2003
1989
1981
1995
2004
1995
1980
1966
1953
1962
1981
2003
2025
2009
1992
1981
1978
1988
2000
2015
2023
2017
2025
2024
2003
1997
1990
2001
2020
2013
2002
2004
2002
2004
2018
2027
2034
2037
2024
2002
1990
1986
1991
2009
2011
2008
1998
1994
1998
1988
1994
1997
2003
2000
1997
1996
1997
2006
2021
2025
2034
2042
2039
2021
2021
2018
2013
2005
2003
1999
1989
1998
2021
2025
2016
2005
2010
2018
2032
2038
2027
2032
2024
2016
2008
2012
2011
2010
2022
2020
2009
2016
2013
2024
2028
2032
2023
2008
2005
2001
1992
1995
2019
2049
2071
2070
2061
2049
2045
2023
2013
2003
1990
1995
1997
1995
1988
1996
1992
1988
2005
2028
2054
2047
2040
2027
2013
2011
2012
2015
2028
2042
2048
2047
2046
2044
2049
2058
2058
2069
2066
2055
2047
2049
2038
2019
2015
2017
2021
2026
2022
2012
2002
1999
2009
2027
2039
2039
2042
2052
2056
2050
2059
2042
2011
1978
1977
1980
1987
2004
2022
2032
2033
2025
2025
2025
2033
2032
2031
2030
2031
2026
2011
1993
2003
2008
2003
2016
2044
2056
2066
2074
2067
2060
2035
2016
2028
2066
2085
2104
2108
2098
2094
2099
2092
2084
2074
2073
2073
2067
2061
2061
2048
2043
2041
2056
2057
2048
2040
2039
2053
2063
2062
2061
2058
2070
2069
2065
2051
2038
2032
2017
2001
1999
1994
1988
1988
1995
2014
2031
2058
2071
2074
2078
2057
2013
1998
2001
2004
2014
2028
2063
2095
2136
2179
2234
2293
2350
2373
2378
2382
2390
2379
2347
2277
2220
2179
2121
2051
1981
1918
1869
1852
1860
1868
1870
1882
1900
1917
1939
1953
1950
1967
1972
1986
2005
2021
2036
2064
2082
2104
2114
2098
2083
2090
2098
2090
2072
2070
2072
2070
2070
2071
2069
2085
2089
2074
2068
2066
2068
2088
2093
2091
2088
2076
2069
2079
2094
2082
2076
2064
2059
2068
2097
2115
2132
2130
2132
2145
2140
2100
2077
2085
2075
2087
2122
2126
2109
2098
2092
2106
2137
2165
2164
2173
2174
2152
2130
2125
2128
2142
2146
2144
2141
2134
2129
2138
2156
2186
2204
2206
2203
2188
2179
2178
2171
2186
2221
2255
2275
2251
2212
2182
2189
2217
2220
2225
2236
2238
2236
2237
2230
2231
2243
2257
2268
2274
2267
2255
2241
2232
2230
2228
2222
2222
2214
2206
2193
2180
2163
2153
2146
2135
2120
2102
2081
2070
2057
2047
2047
2054
2056
2068
2064
2026
1985
1975
1981
2009
2020
2013
2004
1987
1980
1980
1992
1995
1994
1988
1974
1953
1945
1941
1944
1939
1939
1960
1978
1978
1976
1964
1952
1957
1972
1984
1992
2002
1998
1999
1994
1989
1991
1984
1963
1953
1941
1944
1950
1961
1984
1993
1989
1981
1969
1960
1942
1934
1936
1951
1964
1979
1986
1983
1976
1963
1952
1960
1970
1982
2002
2011
2015
1999
1986
1978
1968
1956
1966
2004
2021
2015
1980
1960
1977
1986
1979
1978
1983
1976
1994
2010
2022
2024
2026
2014
2005
1987
1960
1963
1969
1984
1988
1998
2004
1996
1977
1967
1973
1983
1992
1985
1984
1988
1984
1979
1978
1978
1974
1979
1996
2012
2013
2000
1982
1975
1981
1995
2011
2006
1999
1990
1981
1973
1971
1972
1973
1972
1974
1982
1976
1960
1953
1967
1991
1998
1997
2010
2010
1993
1984
1981
1996
2001
1993
1984
1978
1970
1969
1981
1994
2021
2041
2039
2023
2012
2005
1992
1982
1987
1997
1993
1980
1988
2005
2014
2014
2023
2029
2033
2023
2020
2026
2008
1979
1985
2001
2007
2006
2000
2012
2015
2018
2006
2001
2016
2048
2040
2010
1989
1994
1989
1991
1991
1991
1984
1977
1989
1997
1996
1993
2008
2029
2049
2047
2041
2044
2047
2044
2046
2054
2058
2053
2046
2031
2026
2020
2008
2005
2018
2023
2020
2030
2045
2030
2028
2016
2004
2019
2026
2017
2014
2008
2017
2029
2018
2026
2043
2040
2031
2031
2026
2013
2005
2018
2037
2048
2029
2018
2013
2012
2009
2015
2019
2020
2018
2009
2009
2012
2015
2020
2040
2070
2107
2159
2227
2267
2289
2295
2309
2312
2313
2312
2287
2234
2187
2131
2075
2013
1964
1901
1857
1838
1836
1831
1832
1854
1889
1915
1939
1970
1989
1991
1983
1981
1982
1989
2000
2015
2021
2035
2038
2039
2045
2051
2052
2066
2074
2084
2081
2069
2076
2083
2081
2066
2058
2049
2054
2067
2078
2078
2070
2066
2069
2065
2074
2080
2074
2056
2071
2073
2080
2100
2124
2129
2127
2112
2102
2102
2105
2092
2075
2086
2097
2092
2087
2107
2127
2144
2156
2165
2175
2166
2151
2148
2151
2160
2164
2163
2151
2145
2148
2163
2164
2174
2188
2196
2199
2203
2212
2217
2215
2215
2213
2205
2224
2242
2252
2249
2253
2261
2278
2291
2288
2285
2280
2269
2259
2264
2274
2287
2285
2276
2271
2271
2268
2254
2251
2258
2251
2237
2227
2219
2227
2232
2226
2222
2216
2195
2169
2144
2126
2105
2085
2092
2098
2098
2078
2045
2021
2010
2007
2009
2009
2008
2003
1995
1991
1990
1985
1978
1992
1992
1988
1982
1969
1950
1940
1928
1926
1919
1932
1966
1989
1972
1970
1969
1982
1990
1997
1997
1987
1978
1964
1957
1960
1979
1988
1987
1967
1949
1949
1956
1957
1965
1983
2002
2005
1989
1970
1959
1960
1975
1992
2010
2010
2004
2002
2007
1994
1976
1965
1970
1972
1970
1972
1976
1976
1966
1958
1965
1980
1994
1998
2000
1996
1988
2001
2021
2033
2039
2012
1990
1981
1970
1961
1980
2010
2012
2014
2017
2010
2002
1997
1988
1988
1986
1982
1989
1992
1994
1995
1996
1990
1993
1997
1999
2001
2009
1994
1985
1979
1981
1996
2011
2010
2013
2024
2019
2005
2000
2005
2009
2006
2000
1996
1985
1979
1984
1999
2006
2011
2019
2016
2028
2032
2013
2003
2003
2004
2005
2006
2001
1983
1971
1966
1977
1996
2006
2008
2008
2000
1994
1979
1991
2012
2029
2017
1990
1986
1997
2009
2014
2016
2022
2023
2017
2004
2012
2021
2024
2022
2027
2030
2018
2014
2018
2015
2004
2008
2024
2030
2033
2034
2041
2036
2017
2007
2006
2010
2017
2021
2017
2025
2039
2042
2043
2050
2051
2062
2060
2074
2081
2063
2051
2052
2052
2054
2049
2039
2024
2002
2008
2022
2020
2017
2028
2028
2021
2011
2020
2029
2049
2062
2065
2058
2045
2027
2013
2003
2012
2024
2035
2031
2030
2026
2021
2014
2002
2004
2011
2024
2024
2033
2047
2040
2017
1997
1981
1976
1979
1983
1989
2004
2017
2050
2084
2117
2144
2178
2223
2278
2307
2310
2300
2289
2278
2262
2235
2194
2141
2079
2005
1946
1904
1857
1830
1821
1824
1823
1821
1825
1840
1862
1889
1909
1908
1913
1933
1947
1982
2013
2029
2027
2020
2021
2024
2040
2064
2089
2100
2093
2062
2040
2043
2049
2064
2084
2074
2077
2086
2096
2091
2075
2054
2043
2044
2049
2075
2099
2104
2102
2088
2084
2085
2093
2105
2106
2097
2097
2098
2087
2094
2113
2130
2127
2123
2100
2085
2081
2089
2102
2122
2131
2149
2157
2134
2125
2132
2144
2145
2142
2141
2147
2144
2153
2160
2162
2174
2195
2206
2210
2209
2215
2218
2220
2214
2215
2224
2230
2224
2214
2217
2233
2255
2290
2302
2309
2295
2267
2261
2263
2266
2265
2273
2281
2275
2270
2277
2285
2275
2249
2245
2248
2254
2247
2239
2236
2242
2235
2213
2194
2182
2153
2113
2089
2083
2079
2081
2092
2098
2101
2096
2092
2076
2038
1999
1966
1952
1955
1957
1960
1969
1978
1963
1946
1934
1944
1962
1962
1956
1954
1933
1912
1919
1944
1956
1961
1960
1958
1955
1942
1948
1956
1964
1968
1961
1947
1935
1944
1950
1942
1962
1986
1979
1961
1963
1960
1959
1976
2007
2025
2004
1970
1945
1930
1914
1914
1922
1942
1959
1967
1967
1964
1952
1947
1936
1940
1950
1960
1969
1975
1971
1975
1969
1969
1977
1991
1989
1978
1975
1980
1983
1972
1970
1974
1976
1957
1964
1973
1965
1950
1953
1967
1973
1970
1969
1975
1988
1985
1984
1990
1997
1992
1987
1987
1990
1987
1977
1970
1973
1972
1965
1966
1956
1956
1953
1952
1955
1954
1949
1950
1945
1972
1983
1966
1956
1966
1984
1991
1985
1996
1997
1994
1993
1998
1999
1996
1982
1969
1971
1963
1963
1960
1962
1972
1987
1992
1997
2000
1978
1949
1927
1924
1950
1969
1985
1978
1960
1960
1974
1982
1989
1986
1979
1977
1978
1985
1963
1944
1947
1962
1963
1969
1968
1990
2001
2008
2000
1994
1976
1968
1974
1981
1989
2003
2008
2002
2005
2007
