1984
1993
1981
1974
1986
2008
2030
2055
2061
2071
2076
2066
2040
2012
2021
2040
2046
2044
2044
2033
2023
2014
2017
2038
2056
2041
2009
2009
2011
2008
2016
2025
2037
2033
2009
1994
1981
1980
1981
1994
2014
2045
2054
2053
2030
2021
2022
2026
2029
2041
2038
2028
2020
2008
1995
1997
2018
2037
2052
2051
2040
2029
2022
2001
2012
2030
2050
2048
2042
2047
2060
2086
2140
2203
2260
2307
2335
2339
2336
2325
2313
2291
2245
2206
2154
2093
2025
1958
1888
1836
1826
1849
1869
1882
1895
1898
1889
1906
1943
1979
2008
2019
2010
1985
1964
1935
1923
1962
2006
2023
2027
2023
2024
2019
2024
2043
2065
2059
2074
2084
2079
2078
2087
2097
2121
2139
2127
2112
2103
2093
2076
2079
2088
2112
2133
2122
2110
2099
2096
2108
2108
2109
2120
2137
2129
2107
2092
2087
2077
2091
2116
2137
2146
2134
2107
2094
2076
2085
2098
2112
2131
2133
2124
2121
2121
2152
2181
2192
2178
2169
2172
2168
2156
2141
2154
2169
2188
2195
2191
2189
2181
2170
2173
2192
2220
2245
2261
2258
2255
2245
2240
2240
2253
2264
2279
2285
2273
2260
2242
2230
2227
2248
2260
2254
2247
2244
2236
2226
2219
2220
2210
2189
2170
2168
2179
2184
2172
2169
2165
2148
2115
2098
2074
2050
2039
2037
2038
2038
2035
2015
1996
1979
1981
1997
1997
1996
1978
1966
1963
1967
1962
1940
1945
1973
2007
2018
1993
1970
1953
1937
1944
1968
1985
1990
1984
1983
1976
1964
1956
1962
1977
2007
2006
1980
1956
1954
1951
1959
1998
2037
2049
2036
2013
1998
1987
1980
2001
2020
2017
2001
1978
1970
1981
1981
1980
2004
2028
2018
1987
1967
1958
1942
1949
1973
2004
2024
2022
2014
2024
2032
2004
1982
1976
1989
1999
1997
1992
1987
1992
1995
1989
1997
2014
2030
2017
2001
1991
1967
1959
1974
1992
2009
2002
1984
1968
1951
1964
1984
2001
2018
2025
2029
2033
2008
1970
1973
1999
2029
2055
2052
2043
2020
2005
2002
2007
2033
2044
2006
1979
1969
1968
1967
1982
2007
2029
2025
2009
1996
1990
1993
2000
2028
2061
2068
2048
2028
2003
1962
1925
1916
1964
2011
2022
2018
2015
2005
1993
1993
1998
2016
2031
2027
2010
1985
1963
1961
1973
1979
1991
1999
1993
1980
1960
1953
1968
1987
2003
2005
1996
1981
1973
1974
1964
1975
2003
2013
2009
1990
1976
1964
1956
1956
1963
1977
1974
1953
1935
1936
1957
1965
1990
2024
2037
2036
2029
2023
2021
2006
1990
2016
2045
2062
2063
2052
2023
1994
1969
1964
1968
1991
2002
1988
1966
1948
1949
1965
1996
2032
2032
2022
2009
1988
1965
1958
1958
1978
2003
2014
1990
1962
1960
1965
1962
1969
1988
1979
1964
1933
1916
1912
1937
1981
2021
2022
1998
1976
1953
1935
1932
1941
1968
2009
2035
2053
2086
2124
2154
2195
2244
2290
2317
2330
2314
2281
2224
2167
2112
2076
2038
1982
1890
1818
1785
1771
1773
1800
1830
1850
1863
1865
1863
1861
1866
1891
1912
1941
1967
1969
1967
1963
1974
1980
1998
2016
2017
2006
1997
2000
2006
1992
1989
2011
2034
2048
2051
2045
2048
2039
2033
2043
2070
2089
2077
2065
2063
2048
2018
2000
2005
2025
2046
2060
2054
2047
2032
2029
2036
2074
2091
2085
2082
2083
2066
2057
2073
2095
2105
2103
2105
2101
2094
2085
2095
2112
2140
2137
2126
2120
2110
2100
2093
2100
2131
2144
2137
2138
2147
2132
2118
2118
2149
2168
2185
2192
2190
2190
2180
2179
2182
2188
2196
2210
2218
2217
2215
2222
2229
2241
2245
2256
2237
2222
2216
2215
2204
2204
2224
2248
2240
2223
2209
2208
2207
2209
2218
2205
2190
2175
2152
2127
2107
2090
2075
2070
2069
2052
2023
1997
1980
1958
1957
1986
2006
2007
1993
1976
1955
1939
1929
1941
1976
1997
1985
1969
1942
1925
1914
1917
1940
1961
1968
1957
1939
1937
1941
1950
1954
1986
2002
1997
1984
1974
1952
1945
1958
1991
2010
2021
2009
1982
1958
1939
1949
1973
1998
2002
1994
1982
1977
1963
1958
1964
1975
1991
1996
1989
1983
1980
1982
1974
1973
1998
2039
2035
2019
1994
1958
1941
1948
1979
1989
1996
2000
1996
2000
2004
1979
1968
1988
2022
2021
2014
1998
1981
1969
1975
2000
2018
2006
1990
1973
1951
1942
1955
1986
2016
2042
2047
2024
2001
1994
1981
1989
2015
2027
2019
2006
1993
1981
1970
1981
2006
2014
2015
2008
2005
2000
1985
1978
1993
2010
2018
2017
2001
1984
1977
1969
1975
1996
2024
2033
2017
1995
1990
1992
1999
2026
2061
2050
2034
2004
1973
1957
1953
1959
1977
1986
1995
1996
1988
1983
1979
1975
1980
1992
2003
2018
2017
2013
2011
2018
2005
2004
2012
2013
2000
1981
1966
1972
1977
1985
1999
2026
2032
2023
2010
2005
2002
2021
2032
2031
2021
2013
2003
2001
1993
1969
1972
1994
2011
2013
2007
1997
1987
1992
2001
2020
2029
2020
2015
2013
2024
2028
2038
2065
2088
2093
2090
2079
2074
2077
2076
2047
2028
2031
2042
2053
2043
2015
2000
1990
2001
2025
2041
2051
2030
2012
1993
1988
1998
2003
2016
2028
2022
2026
2015
2005
2003
1999
2010
2030
2035
2017
1987
1964
1981
2002
2030
2061
2068
2052
2032
2002
1988
1981
1985
2013
2035
2029
2051
2088
2136
2184
2232
2277
2325
2349
2343
2320
2295
2260
2212
2171
2125
2088
2037
1970
1896
1830
1796
1806
1813
1837
1868
1890
1901
1906
1908
1915
1943
1992
2017
2019
2011
2016
2021
2002
1998
2029
2066
2079
2074
2061
2060
2054
2047
2041
2058
2066
2063
2037
2021
2040
2069
2088
2119
2122
2137
2148
2126
2094
2083
2086
2097
2109
2127
2129
2096
2084
2077
2054
2064
2099
2133
2141
2129
2122
2117
2117
2094
2092
2112
2129
2140
2139
2124
2105
2093
2105
2139
2185
2197
2184
2158
2142
2142
2131
2140
2156
2171
2159
2141
2134
2139
2148
2172
2205
2232
2229
2215
2201
2193
2200
2215
2231
2236
2236
2256
2252
2257
2267
2257
2264
2277
2289
2291
2271
2257
2252
2232
2226
2251
2273
2276
2276
2255
2229
2218
2210
2193
2188
2197
2199
2190
2178
2160
2136
2136
2141
2133
2120
2090
2049
2020
1994
1971
1968
1996
2016
2021
2018
2001
1985
1968
1958
1965
2007
2036
2022
1978
1950
1940
1948
1955
1968
1992
1991
1980
1976
1963
1957
1948
1949
1951
1949
1948
1957
1965
1966
1966
1971
1986
1986
1961
1946
1939
1924
1923
1933
1945
1964
1975
1976
1975
1982
1981
1967
1950
1948
1973
1973
1972
1969
1957
1948
1958
1977
1987
1978
1969
1957
1940
1934
1941
1961
1982
2004
1998
1985
1980
1989
1994
1995
2005
2007
2000
1979
1959
1956
1948
1949
1968
2009
2023
2008
1989
1969
1961
1955
1957
1975
1993
2001
1994
1988
1981
1965
1941
1930
1948
1989
2002
2007
1995
1973
1967
1965
1967
1987
1991
1980
1965
1950
1956
1962
1979
1991
2011
2002
1979
1964
1975
1990
1984
1985
1999
2001
1998
1986
1973
1964
1969
1983
2004
2009
2005
1992
1971
1952
1954
1968
1991
2016
2017
2008
1977
1949
1943
1956
1989
2024
2036
2021
1999
1978
1947
1936
1939
1968
2007
2030
2030
2017
1991
1969
1959
1971
2005
2026
2018
2003
1997
1979
1960
1957
1974
1984
1984
1980
1984
1976
1959
1949
1952
1971
1989
1988
1975
1952
1939
1924
1924
1938
1962
1977
1971
1958
1953
1965
1981
2001
2023
2030
2021
2014
2000
1994
2007
2020
2023
2016
2009
1994
1980
1972
1948
1918
1934
1974
1998
1986
1967
1944
1928
1922
1928
1936
1941
1953
1978
1988
1961
1937
1939
1932
1946
1954
1949
1936
1926
1920
1917
1918
1935
1947
1950
1940
1928
1920
1924
1920
1906
1921
1933
1927
1933
1929
1917
1908
1921
1975
2026
2067
2119
2173
2202
2200
2202
2234
2257
2239
2186
2133
2076
2010
1939
1892
1854
1820
1789
1774
1762
1748
1740
1750
1782
1818
1849
1869
1876
1876
1872
1875
1893
1917
1936
1936
1925
1921
1918
1919
1928
1944
1968
1985
1964
1945
1934
1945
1967
1994
2020
2039
2037
2027
2012
2001
1977
1976
1987
2007
2013
2006
2007
2003
2025
2026
2010
2024
2036
2019
1992
1992
2012
2030
2023
2033
2054
2054
2047
2048
2037
2014
2009
2024
2047
2046
2039
2029
2024
2037
2049
2068
2089
2121
2136
2127
2117
2107
2109
2109
2116
2137
2145
2145
2136
2119
2111
2113
2122
2163
2181
2188
2191
2165
2141
2141
2149
2173
2210
2241
2237
2231
2226
2232
2230
2224
2223
2226
2221
2215
2221
2227
2227
2239
2256
2247
2237
2213
2201
2191
2184
2171
2177
2187
2178
2165
2148
2120
2094
2075
2069
2061
2060
2060
2049
2032
2017
1994
1968
1962
1980
1996
1988
1981
1967
1933
1907
1895
1927
1971
1987
1995
1988
1965
1951
1947
1952
1962
1969
1976
1970
1960
1955
1961
1968
1973
1989
1998
1999
1988
1979
1968
1960
1963
1983
2000
2002
1987
1973
1961
1953
1956
1976
1991
2012
2030
2023
2004
2002
1994
1979
1977
1994
1989
1985
1979
1963
1967
1965
1973
1996
2016
2013
2003
1991
1985
1981
1989
1996
2008
2011
2013
2005
1990
1981
1989
2000
2011
2027
2037
2039
2041
2046
2039
2047
2062
2041
2017
2000
1990
1988
1965
1969
1985
1986
1993
2005
2000
1995
1985
1983
1985
2012
2038
2060
2049
2033
2022
2026
2031
2033
2036
2032
2030
2022
2005
1994
1991
1998
2016
2031
2026
2014
2004
1994
1991
2003
2038
2070
2074
2049
2032
2032
2030
2033
2047
2055
2063
2057
2053
2056
2061
2053
2038
2040
2037
2025
2009
2002
1997
2003
2001
2026
2050
2055
2052
2048
2047
2047
2029
2025
2044
2068
2064
2065
2069
2067
2064
2054
2044
2045
2049
2043
2042
2046
2044
2035
2041
2047
2061
2063
2052
2040
2043
2046
2055
2066
2068
2059
2042
2030
2037
2018
1985
2000
2033
2056
2062
2083
2097
2108
2118
2133
2142
2156
2158
2132
2095
2082
2091
2096
2091
2098
2114
2108
2091
2081
2071
2074
2061
2068
2075
2087
2094
2084
2072
2055
2054
2068
2097
2117
2116
2106
2096
2077
2068
2060
2081
2089
2088
2085
2071
2060
2070
2068
2058
2066
2078
2072
2064
2047
2018
2006
2007
2026
2056
2077
2083
2087
2104
2131
2167
2216
2293
2353
2371
2381
2380
2368
2329
2317
2318
2292
2237
2186
2118
2039
1959
1888
1848
1842
1856
1873
1891
1918
1941
1942
1956
1994
2022
2040
2047
2053
2057
2043
2040
2058
2082
2101
2104
2081
2077
2077
2064
2068
2104
2137
2157
2147
2126
2101
2071
2069
2089
2124
2151
2167
2158
2133
2125
2132
2132
2129
2120
2135
2141
2141
2134
2125
2129
2140
2163
2177
2162
2151
2143
2139
2132
2131
2146
2160
2169
2167
2160
2152
2136
2129
2156
2197
2220
2218
2211
2194
2172
2167
2168
2171
2190
2196
2203
2216
2218
2220
2226
2217
2225
2262
2261
2250
2248
2251
2228
2218
2240
2269
2287
2283
2269
2258
2251
2256
2270
2292
2307
2301
2271
2249
2261
2280
2284
2285
2293
2304
2305
2294
2281
2267
2267
2276
2266
2256
2245
2215
2187
2160
2146
2152
2164
2174
2179
2162
2148
2128
2105
2080
2073
2074
2071
2064
2057
2045
2027
2000
1996
2016
2029
2030
2018
2015
2020
2002
1989
1980
1993
2012
2018
2006
1984
1974
1965
1983
2004
2015
2022
2027
2008
1975
1950
1948
1956
1982
2001
1999
1994
1988
1975
1966
1971
1987
2000
1999
2002
1993
1981
1977
1981
1993
2010
2009
2000
1988
1975
1964
1966
1969
1990
2005
2015
2017
2007
2006
2010
2009
2015
2027
2038
2040
2038
2028
2020
2006
2015
2032
2030
2027
2013
2000
1980
1978
1973
1964
1985
1997
1994
1991
1983
1986
1984
1991
2007
2023
2021
2011
2000
1989
1976
1973
1990
2005
2012
2005
1996
1975
1942
1909
1946
1995
2026
2021
2020
2024
2022
2021
2035
2036
2037
2031
2020
1996
1967
1952
1959
1979
2005
2016
2017
2018
2003
1988
1973
1974
1980
1996
1995
1979
1952
1949
1972
1990
1991
2017
2027
2019
2008
1979
1973
1977
1978
1999
2020
2024
2004
1989
1973
1964
1992
2014
2026
2033
2038
2023
2005
1991
1993
2015
2045
2070
2068
2045
2016
2002
1986
1968
1974
2000
2026
2026
2031
2048
2045
2014
2001
2009
2015
2009
1991
1978
1967
1969
1973
1993
2039
2061
2047
2039
2038
2032
2026
2031
2035
2054
2068
2075
2064
2063
2059
2049
2059
2062
2056
2042
2033
2033
2002
1958
1982
2018
2049
2057
2039
2020
2001
1989
2002
2027
2042
2031
2016
1992
1999
1993
1980
1993
2019
2045
2044
2026
2022
2027
2009
1987
1987
2013
2024
2036
2033
2020
2011
2025
2034
2051
2072
2091
2098
2105
2134
2166
2184
2214
2241
2268
2289
2296
2299
2272
2223
2170
2133
2081
2021
1958
1899
1852
1813
1801
1819
1836
1843
1847
1851
1852
1868
1895
1923
1954
1992
2015
2020
2001
1974
1974
1985
2020
2042
2044
2040
2044
2042
2041
2040
2047
2072
2099
2101
2085
2064
2064
2073
2077
2085
2091
2096
2101
2081
2073
2067
2049
2047
2070
2104
2121
2126
2119
2098
2082
2090
2116
2149
2160
2153
2133
2118
2099
2100
2135
2153
2163
2180
2169
2140
2111
2120
2139
2142
2151
2162
2165
2156
2146
2126
2114
2125
2144
2164
2171
2165
2160
2172
2195
2218
2230
2236
2239
2233
2232
2227
2241
2235
2235
2247
2267
2278
2264
2244
2239
2231
2232
2257
2278
2283
2268
2261
2246
2253
2256
2250
2263
2285
2286
2267
2237
2221
2216
2221
2218
2231
2233
2211
2178
2151
2133
2115
2106
2081
2080
2081
2079
2066
2047
2026
2019
2021
2029
2026
2010
1985
1956
1921
1927
1958
1998
2008
1980
1944
1932
1924
1921
1917
1941
1977
1988
1976
1946
1932
1929
1931
1939
1954
1967
1961
1954
1954
1941
1935
1949
1967
1967
1945
1925
1927
1932
1930
1926
1937
1950
1953
1944
1940
1944
1941
1944
1959
1971
1969
1950
1946
1959
1958
1964
1974
1982
1979
1969
1961
1943
1926
1928
1934
1945
1957
1969
1961
1955
1965
1968
1962
1963
1975
1975
1991
2002
2000
1987
1981
1985
1985
1974
1967
1963
1948
1938
1934
1939
1956
1977
1999
1997
1978
1973
1970
1955
1959
1952
1972
1969
1960
1951
1932
1939
1951
1963
1958
1977
1998
1977
1959
1953
1934
1931
1946
1970
1977
1982
1989
2001
1997
1995
1986
1978
1977
1984
1973
1952
1951
1953
1940
1952
1968
1981
1992
1993
1991
1978
1963
1981
1988
1989
2004
1980
1953
1939
1939
1942
1960
1985
2009
2024
2026
2013
1994
1977
1960
1973
1997
2003
1977
1967
1971
1977
1972
1974
1990
2012
2008
1991
1972
1954
1937
1954
1982
2009
2027
2026
2002
1985
1990
1986
1980
1989
2001
2009
2000
1996
1980
1973
1981
1997
2030
2043
2048
2050
2048
2026
2016
2010
2026
2043
2052
2042
2044
2036
2022
2027
2050
2055
2052
2036
2014
1994
1976
1963
1982
2003
2015
2036
2043
2040
2042
2044
2030
2019
2012
2011
1994
1978
1971
1979
1989
2005
2025
2048
2050
2035
2009
1995
1979
1972
1990
2023
2027
2008
1994
1987
1985
2002
2046
2101
2144
2164
2194
2216
2234
2258
2291
2297
2294
2281
2259
2214
2148
2080
2006
1953
1931
1878
1826
1802
1788
1795
1807
1814
1847
1903
1942
1961
1964
1967
1972
1984
1983
1996
2027
2045
2042
2036
2035
2033
2027
2030
2037
2044
2059
2081
2078
2072
2073
2088
2113
2122
2121
2116
2109
2100
2095
2072
2053
2061
2057
2059
2061
2061
2052
2051
2079
2084
2088
2087
2088
2082
2074
2072
2066
2105
2149
2157
2139
2118
2114
2093
2073
2092
2109
2122
2126
2129
2127
2124
2115
2121
2133
2158
2164
2162
2154
2137
2132
2137
2156
2172
2165
2151
2147
2169
2174
2174
2176
2208
2246
2243
2217
2213
2224
2216
2192
2185
2200
2218
2234
2237
2235
2223
2201
2195
2210
2220
2230
2226
2216
2200
2181
2177
2212
2254
2264
2243
2220
2203
2174
2140
2129
2145
2147
2118
2088
2080
2073
2070
2076
2067
2067
2072
2051
2028
1999
1986
1994
2000
2008
2009
1980
1958
1948
1952
1969
1966
1958
1951
1952
1945
1937
1930
1924
1927
1944
1959
1966
1956
1950
1953
1953
1942
1940
1943
1950
1961
1955
1941
1941
1958
1976
1979
1970
1984
1983
1975
1957
1945
1942
1925
1906
1925
1963
1983
1959
1928
1938
1958
1981
2004
2002
1994
1992
1981
1967
1967
1972
1986
2005
2011
2005
1991
1977
1962
1957
1955
1975
1997
2010
1985
1957
1951
1952
1957
1961
1965
1977
1984
1975
1952
1955
1963
1971
1982
1992
1986
1981
1975
1977
1975
1976
1983
2005
2009
1996
1986
1972
1960
1958
1963
1979
2000
2021
2014
1999
1990
1987
1992
1995
1997
1995
2000
1993
1981
1987
1995
2004
2007
2013
2013
2002
1994
1983
1948
1943
1959
1978
1997
2010
2016
2017
2010
2009
2010
2030
2050
2035
2007
2004
2011
2009
2009
2015
2045
2065
2050
2020
1997
1974
1967
1968
1978
1983
1989
2005
2023
2026
2001
2000
2022
2033
2044
2050
2051
2034
2019
2012
2006
2005
1989
1979
1986
1982
1967
1968
1973
1992
2015
2025
2014
1991
1963
1960
1978
2012
2042
2054
2045
2046
2043
2044
2049
2056
2077
2104
2112
2109
2096
2060
2018
2010
2019
2029
2056
2086
2084
2070
2060
2048
2050
2052
2045
2030
2025
2018
2016
2007
2009
2023
2053
2056
2045
2053
2055
2034
2002
2001
2013
2026
2024
2019
2020
2025
2022
2017
2027
2040
2039
2020
2003
2009
2026
2027
2020
2027
2034
2038
2050
2057
2063
2081
2115
2196
2285
2352
2380
2366
2345
2320
2287
2249
2235
2223
2170
2086
1996
1912
1861
1827
1818
1829
1853
1864
1869
1877
1889
1909
1953
1998
2020
2028
2018
1996
1997
1996
2005
2030
2053
2058
2055
2060
2051
2048
2051
2064
2089
2095
2080
2078
2072
2071
2074
2070
2064
2077
2086
2099
2102
2095
2073
2053
2040
2047
2071
2078
2083
2084
2086
2085
2102
2118
2122
2131
2136
2130
2127
2116
2112
2130
2149
2152
2141
2122
2115
2109
2100
2083
2098
2116
2126
2125
2124
2123
2127
2147
2171
2197
2181
2165
2150
2137
2128
2139
2145
2158
2180
2190
2188
2187
2184
2188
2196
2215
2234
2231
2218
2219
2215
2202
2208
2229
2239
2247
2244
2243
2253
2255
2255
2256
2271
2289
2264
2237
2235
2214
2193
2184
2207
2223
2225
2207
2190
2165
2134
2116
2107
2115
2139
2145
2144
2128
2096
2053
2009
1994
1994
2007
2000
1989
1977
1957
1953
1968
1988
1980
1964
1945
1916
1900
1902
1913
1915
1931
1951
1953
1936
1925
1925
1915
1921
1936
1962
1965
1963
1949
1929
1903
1895
1912
1947
1952
1947
1941
1934
1927
1928
1936
1957
1977
1973
1971
1974
1967
1943
1924
1935
1958
1973
1981
1988
1987
1961
1952
1957
1978
1992
2011
2019
1990
1965
1962
1977
1999
2008
1996
1978
1963
1963
1964
1950
1947
1971
2004
2013
2004
2001
1995
1977
1985
1995
2002
2007
2010
2016
2016
2000
1992
2012
2037
2056
2045
2028
2009
1987
1981
1976
1968
1973
1985
1997
2007
2000
1981
1968
1980
1997
2026
2040
2038
2023
2005
1976
1965
1976
1993
2015
2031
2014
2010
2010
2005
1999
2015
2039
2031
2014
1996
1965
1943
1949
1984
2013
2029
2040
2037
2028
2003
1977
1978
2003
2033
2043
2045
2056
2036
2021
2000
2001
2016
2024
2022
2023
2011
2000
1995
2000
2004
2017
2033
2055
2057
2037
2024
2029
2034
2025
2013
1996
1989
1990
1993
1985
1982
1999
2024
2027
2018
2010
2016
2015
2011
2017
2045
2062
2047
2033
2026
2025
2028
2031
2046
2065
2072
2073
2071
2065
2040
2032
2058
2087
2096
2073
2034
2025
2033
2029
2024
2044
2066
2075
2056
2033
2024
2023
2023
2030
2030
2022
2031
2033
2027
2016
2009
2014
2023
2035
2054
2052
2043
2026
2017
2024
2043
2067
2087
2077
2052
2001
1987
1976
1974
1989
2005
2007
2008
2011
2021
2025
2025
2026
2027
2041
2053
2073
2108
2148
2193
2241
2294
2341
2357
2363
2360
2329
2270
2225
2189
2151
2112
2049
1966
1888
1830
1803
1807
1847
1877
1890
1912
1911
1905
1892
1916
1957
1990
1994
2000
1998
1982
1979
1999
2021
2055
2061
2056
2045
2029
2015
2020
2033
2054
2066
2070
2066
2062
2055
2042
2038
2050
2082
2108
2127
2124
2110
2079
2063
2055
2068
2087
2085
2077
2081
2069
2057
2052
2057
2076
2088
2081
2081
2077
2075
2072
2075
2088
2092
2102
2115
2116
2118
2113
2110
2121
2125
2121
2131
2138
2134
2131
2129
2140
2158
2188
2187
2178
2162
2157
2156
2149
2158
2187
2201
2214
2210
2209
2203
2192
2201
2230
2247
2233
2233
2227
2216
2210
2213
2213
2241
2282
2311
2292
2265
2234
2223
2224
2237
2254
2277
2264
2241
2218
2201
2200
2208
2210
2205
2198
2188
2170
2133
2109
2106
2106
2103
2109
2110
2104
2078
2052
2011
2002
2012
2007
1991
1984
1962
1948
1933
1922
1935
1969
2000
2009
1997
1985
1982
1955
1949
1958
1968
1970
1961
1956
1954
1953
1965
1970
1978
1971
1966
1972
1985
1981
1983
1981
2006
2015
2000
1972
1952
1947
1941
1951
1968
1996
2008
2001
1979
1969
1974
1982
1988
2006
2009
2006
2005
1997
1978
1967
1963
1986
2003
1997
1996
1998
1991
1979
1992
2017
2031
2033
2032
2013
1996
1980
1977
1977
1987
2000
2026
2032
2017
2002
1995
1972
1971
1993
2009
2000
1997
2010
2009
1994
1983
1992
2010
2017
2027
2032
2027
2010
1999
2018
2016
2004
2001
2016
2010
2001
2008
2022
2036
2044
2018
1994
1984
1974
1964
1972
1990
2013
2025
2027
2021
2005
1989
1994
2014
2024
2037
2035
2026
2022
2019
1991
1984
1994
2014
2019
2032
2027
2005
1991
1997
2003
2025
2039
2042
2029
2011
1992
1989
2000
2015
2030
2032
2020
2001
1984
1987
1996
1997
2008
2023
2020
2025
2020
2010
2007
2015
2040
2047
2034
2008
2007
2000
1995
1987
1999
2009
2027
2036
2031
2016
2011
2008
2015
2027
2036
2041
2034
2023
2010
2001
2007
2033
2062
2072
2043
2032
2041
2052
2032
2021
2032
2046
2045
2047
2021
2004
2031
2049
2056
2065
2070
2065
2068
2049
2022
2008
2007
2010
2014
2015
2011
2003
1992
1987
1997
2007
2022
2028
2027
2013
2005
1993
1983
1989
2010
2024
2026
2028
2025
2010
1996
1996
1990
1988
2005
2004
1968
1959
1970
1968
1980
2026
2077
2089
2073
2065
2067
2084
2113
2150
2198
2262
2299
2312
2313
2289
2252
2213
2185
2143
2092
2032
1969
1908
1862
1833
1821
1822
1836
1841
1846
1841
1850
1865
1887
1917
1955
1970
1978
1978
1981
1972
1958
1972
2005
2029
2039
2044
2027
2004
2002
2002
2013
2051
2087
2100
2096
2084
2064
2056
2068
2089
2099
2091
2072
2060
2040
2033
2043
2069
2101
2125
2119
2094
2068
2053
2068
2097
2111
2116
2131
2136
2121
2091
2081
2095
2120
2137
2148
2151
2150
2151
2152
2139
2138
2141
2144
2149
2140
2139
2148
2144
2151
2198
2231
2221
2203
2208
2204
2194
2183
2191
2210
2225
2229
2237
2233
2229
2223
2223
2252
2269
2270
2263
2251
2237
2225
2240
2267
2285
2295
2288
2276
2264
2263
2268
2284
2309
2338
2341
2321
2295
2274
2260
2258
2247
2247
2239
2239
2219
2189
2165
2154
2142
2123
2094
2071
2060
2044
2021
2017
2030
2049
2061
2053
2030
2007
1998
2009
2022
2019
2024
2011
1999
1983
1981
1963
1946
1944
1956
1964
1964
1957
1952
1944
1932
1919
1918
1934
1943
1949
1952
1953
1950
1947
1952
1974
1994
2002
1999
1994
1967
1939
1934
1967
2018
2027
2020
2012
1977
1953
1958
1971
1968
1951
1931
1914
1938
1949
1965
1977
1994
2003
2004
1999
1990
1979
1965
1955
1957
1971
1991
1993
1989
1972
1950
1936
1941
1967
2004
2037
2031
2012
1990
1961
1928
1924
1945
1962
1978
1992
2006
2019
2013
2015
2017
2007
2000
1994
1977
1956
1943
1953
1955
1966
1999
2002
1966
1930
1942
1957
1974
2000
2015
2019
2010
1994
1978
1968
1974
1965
1970
1981
1989
1994
1988
1969
1959
1955
1972
1988
2000
