1970
1966
1964
1970
1986
2001
2001
2003
1996
1994
1994
2008
2014
2024
2015
2008
1986
1976
1983
1996
2003
2028
2065
2089
2066
2023
1993
1975
1975
1993
2006
2015
2008
2005
2001
1997
2024
2062
2062
2070
2046
2013
1991
1974
1973
1976
2004
2051
2068
2062
2055
2034
1998
1980
1991
2030
2061
2052
2021
2011
2003
2009
2042
2080
2102
2111
2106
2070
2034
2020
2015
2031
2059
2085
2077
2058
2028
1989
1961
1970
1994
2023
2034
2030
2023
2010
1997
1999
2021
2047
2070
2066
2049
2030
2014
2002
2011
2036
2064
2057
2032
2018
2014
2000
1984
1997
2020
2046
2035
2022
2016
2027
2041
2036
2028
2058
2076
2071
2062
2057
2050
2041
2036
2035
2028
2018
2004
1987
1985
1996
2010
2045
2073
2065
2057
2051
2028
1999
1982
1985
2016
2033
2038
2032
2017
1994
1985
2011
2043
2061
2072
2068
2051
2040
2037
2043
2063
2081
2097
2089
2066
2043
2018
2003
2012
2041
2064
2072
2063
2045
2039
2034
2024
2039
2056
2058
2044
2028
2011
2003
1995
1997
2019
2041
2033
2033
2020
2007
2002
2014
2023
2041
2065
2069
2052
2027
2011
2004
2022
2040
2044
2037
2025
2012
2004
2003
2016
2047
2085
2121
2158
2168
2179
2194
2234
2277
2309
2321
2326
2331
2311
2270
2219
2171
2118
2078
2036
1968
1900
1836
1797
1797
1828
1868
1902
1920
1927
1917
1912
1945
1973
1998
2028
2059
2047
2023
2017
2017
2025
2036
2058
2069
2068
2065
2073
2096
2087
2076
2103
2113
2120
2113
2107
2104
2107
2101
2109
2102
2105
2104
2097
2084
2075
2068
2075
2100
2122
2121
2097
2078
2046
2050
2070
2106
2145
2179
2202
2200
2173
2148
2125
2114
2121
2149
2155
2150
2139
2133
2116
2109
2124
2169
2191
2194
2179
2159
2151
2145
2158
2174
2201
2208
2186
2182
2215
2230
2231
2231
2244
2248
2239
2214
2205
2201
2207
2228
2273
2314
2328
2305
2292
2289
2276
2280
2282
2280
2274
2269
2274
2285
2276
2265
2256
2267
2281
2271
2249
2240
2223
2208
2197
2211
2236
2244
2202
2153
2125
2092
2051
2044
2090
2115
2081
2053
2037
2016
1984
1957
1957
1972
1976
1964
1964
1957
1943
1925
1913
1940
1978
1991
1978
1965
1955
1940
1931
1924
1930
1950
1964
1975
1981
1983
1953
1955
1978
1991
1991
1989
1969
1956
1954
1937
1935
1953
1970
1970
1956
1947
1933
1924
1932
1950
1957
1968
1975
1979
1980
1973
1952
1943
1952
1969
1979
1970
1947
1938
1943
1947
1973
1995
1989
1979
1977
1970
1945
1943
1977
1992
1989
1984
1994
1989
1973
1939
1924
1936
1955
1966
1967
1958
1952
1945
1955
1960
1966
1975
1982
1990
1981
1972
1971
1977
1989
1995
1985
1974
1951
1943
1949
1947
1960
1980
1995
1998
1987
1971
1952
1941
1950
1976
2006
2022
2039
2034
2004
1977
1973
1971
1983
1984
1982
1967
1972
1976
1972
1967
1973
1985
1981
1947
1953
1956
1954
1960
1964
1985
2013
2005
1986
1963
1943
1953
1984
2002
2007
1998
1982
1970
1956
1950
1955
1994
2017
2018
2023
2001
1957
1940
1943
1953
1971
1988
1985
1980
1977
1981
1995
2011
2029
2052
2068
2062
2051
2028
2002
1997
2016
2033
2051
2053
2026
1994
1979
1955
1946
1972
1996
2010
1994
1993
1995
1996
1995
2001
2015
2033
2014
1975
1949
1947
1958
1959
1975
1998
2004
2007
2000
1997
1978
1959
1975
1997
1998
2000
2009
2009
1992
1973
1971
1968
1979
1984
1985
1996
2026
2038
2042
2089
2176
2245
2267
2250
2235
2216
2205
2212
2213
2180
2114
2050
2000
1939
1877
1823
1798
1810
1815
1804
1806
1821
1821
1827
1846
1880
1916
1934
1942
1946
1943
1948
1962
1987
2021
2042
2041
2031
2014
2009
1993
2018
2077
2106
2094
2087
2077
2066
2038
2009
2030
2068
2104
2122
2122
2110
2093
2085
2088
2083
2087
2088
2102
2109
2085
2076
2082
2095
2092
2073
2067
2072
2080
2074
2073
2078
2081
2110
2127
2119
2103
2096
2085
2093
2107
2121
2123
2124
2127
2131
2129
2124
2115
2124
2158
2181
2181
2172
2170
2163
2150
2159
2188
2199
2202
2201
2180
2172
2197
2241
2278
2287
2282
2265
2242
2243
2241
2235
2245
2261
2264
2260
2260
2257
2254
2250
2262
2279
2311
2308
2285
2256
2222
2216
2211
2209
2215
2222
2221
2206
2199
2188
2172
2160
2152
2140
2113
2083
2054
2039
2022
2017
2020
2042
2056
2046
2025
2000
1976
1958
1939
1952
1976
1980
1953
1928
1922
1925
1950
1964
1983
1995
1989
1973
1954
1935
1938
1959
1984
1993
1983
1960
1939
1917
1926
1932
1949
1978
1989
1991
1981
1985
1978
1964
1972
1986
2002
2005
1976
1958
1940
1937
1948
1956
1965
1999
2011
2007
1989
1974
1962
1972
1992
1980
1949
1941
1958
1968
1981
2010
2032
2049
2062
2061
2044
2022
1997
1987
1992
2013
2036
2023
2008
1995
1985
1983
1971
1955
1964
1965
1968
1979
1986
1987
1994
1998
2011
2028
2011
1988
1978
1968
1958
1966
1985
2008
2040
2064
2053
2032
2017
1999
1997
2012
2030
2032
2014
2005
1980
1964
1963
1975
2008
2022
2017
2006
1987
1985
1985
1983
1998
2015
2040
2045
2027
2015
1990
1979
2006
2028
2014
2006
2020
2011
2001
1979
1969
1981
1982
1968
1968
1972
1959
1943
1945
1968
2002
2028
2028
2013
2004
1992
1984
1988
2005
2016
2015
2005
2010
2016
2007
2000
2005
2026
2035
2036
2029
2021
2004
1989
2004
2012
2015
2030
2040
2034
2032
2033
2044
2053
2063
2081
2074
2053
2045
2041
2045
2040
2046
2048
2044
2032
2041
2044
2030
2022
2035
2042
2060
2054
2029
2005
1988
1988
1994
2006
2016
2030
2046
2048
2046
2052
2046
2052
2052
2037
2012
2011
1998
1999
2000
2006
2029
2062
2068
2056
2043
2008
1991
1990
2003
2027
2041
2038
2029
2002
1975
1966
1986
2016
2048
2081
2097
2103
2112
2131
2177
2239
2299
2330
2338
2314
2305
2297
2265
2228
2202
2165
2100
2034
1962
1889
1840
1814
1831
1852
1853
1853
1868
1886
1923
1953
1975
1997
2012
2032
2013
2007
2011
2005
1997
2014
2033
2050
2045
2039
2045
2054
2057
2055
2052
2045
2034
2035
2061
2065
2060
2060
2073
2081
2083
2074
2066
2057
2058
2055
2054
2073
2101
2108
2104
2098
2076
2079
2103
2130
2142
2134
2137
2138
2130
2113
2085
2064
2076
2128
2147
2142
2139
2133
2106
2093
2096
2119
2132
2133
2133
2133
2125
2113
2120
2132
2150
2157
2164
2167
2159
2149
2154
2166
2191
2206
2215
2219
2208
2187
2193
2217
2249
2273
2277
2254
2244
2249
2239
2222
2224
2243
2245
2235
2226
2229
2220
2206
2204
2213
2230
2240
2222
2197
2191
2190
2199
2220
2233
2232
2218
2191
2162
2132
2105
2099
2102
2109
2094
2070
2052
2039
2018
2014
2024
2039
2041
2031
2018
2005
1986
1972
1980
1975
2005
2009
1992
1986
1973
1960
1973
1981
1989
1988
1984
1956
1938
1929
1939
1970
1998
2010
1998
1986
1993
2013
1991
1963
1953
1961
1956
1938
1934
1945
1952
1963
1983
2011
2024
2026
2010
2004
1995
1981
1971
1972
1977
1975
1981
1978
1964
1944
1941
1950
1968
1987
1996
1980
1963
1952
1953
1963
1996
2020
2021
2021
2018
2000
2001
1994
1990
2016
2028
2011
2001
1992
1984
1979
1976
1973
1970
1979
1986
1984
1998
2014
2025
2041
2049
2055
2033
2002
1969
1960
1948
1949
1970
2006
2022
2015
2006
2002
2001
1990
1993
2004
2015
2017
2007
1992
1985
1973
1964
1982
2001
2000
1994
1986
1990
1980
1972
1979
1974
1964
1986
2003
2002
1999
2013
2020
2025
2039
2056
2040
2003
1976
1970
1978
1992
2015
2024
2028
2029
2027
2005
1975
1978
1996
2006
2008
2006
1996
1983
1973
1978
2004
2026
2029
2027
2015
2004
1988
1979
1978
2001
2033
2039
2026
2026
2023
2015
1996
1991
2001
2009
2000
1990
1963
1954
1958
1988
2014
2033
2039
2037
2032
2026
2014
2012
2022
2045
2066
2078
2079
2061
2042
2033
2049
2078
2097
2097
2088
2079
2054
2033
2034
2031
2041
2028
2012
2000
1990
1987
1990
2003
2031
2063
2078
2069
2044
2009
1989
2006
2039
2061
2059
2044
2023
2003
1973
1948
1962
2002
2033
2042
2027
1997
1984
1994
2001
2003
2014
2025
2025
2028
2033
2038
2038
2074
2125
2130
2148
2198
2230
2250
2272
2293
2322
2341
2337
2300
2257
2202
2129
2080
2048
1995
1935
1869
1833
1823
1818
1828
1857
1876
1887
1909
1923
1935
1946
1960
1992
2019
2035
2044
2043
2036
2031
2021
2016
2026
2030
2039
2045
2047
2057
2068
2058
2048
2045
2052
2063
2092
2107
2094
2077
2066
2058
2076
2094
2092
2094
2092
2074
2061
2064
2075
2088
2097
2093
2085
2088
2098
2108
2116
2136
2141
2134
2117
2110
2105
2093
2084
2095
2123
2146
2150
2135
2137
2122
2103
2095
2105
2143
2160
2160
2160
2155
2144
2133
2150
2168
2194
2188
2183
2177
2165
2150
2161
2194
2214
2227
2234
2234
2227
2208
2179
2175
2208
2256
2275
2281
2272
2256
2242
2238
2257
2286
2300
2301
2277
2254
2229
2207
2230
2269
2267
2257
2239
2216
2195
2175
2169
2180
2194
2197
2177
2146
2117
2092
2076
2071
2076
2085
2089
2063
2033
2005
1986
1981
1996
2008
1998
1981
1974
1984
2001
1998
1996
1990
1995
1995
1981
1980
1977
1968
1966
1964
1958
1949
1930
1923
1924
1930
1939
1967
1984
1993
1999
1988
1976
1978
1978
1984
2018
2040
2028
2012
1974
1942
1935
1937
1945
1961
1977
1969
1962
1965
1976
1969
1974
1993
2011
2012
2015
2001
1982
1975
1982
2006
2040
2059
2056
2022
1986
1975
1964
1986
2018
2024
2012
2010
2000
1986
1976
1972
1987
2018
2020
2011
1997
1995
1980
1981
1991
2004
2012
2014
1997
1989
1964
1957
1973
2001
2025
2031
2029
2012
1991
1980
1975
1966
1981
1998
1999
1999
2002
2003
2010
2008
2013
2005
1999
1997
2006
2008
1999
1976
1982
1997
2020
2034
2031
2028
2022
2010
2013
2027
2019
2011
2020
2024
2022
2022
2011
2008
2029
2042
2032
2030
2026
2011
1988
1993
1998
1998
1995
1997
1986
1970
1968
1974
1980
2006
2020
2023
2027
2010
1987
1972
1979
2009
2042
2051
2015
1984
1974
1969
1984
2008
2041
2079
2083
2064
2052
2032
2010
2016
2041
2065
2075
2062
2043
2038
2019
2004
2015
2044
2052
2044
2030
2036
2024
2023
2034
2057
2090
2098
2090
2090
2082
2072
2053
2050
2048
2059
2069
2081
2062
2028
2011
2021
2046
2050
2040
2032
2031
2028
2017
2006
2018
2034
2041
2038
2027
2009
2011
2011
2003
2005
2015
2018
2026
2018
1998
1990
2001
2017
2043
2071
2068
2049
2041
2052
2039
2030
2036
2059
2068
2083
2093
2095
2116
2181
2234
2284
2330
2347
2333
2310
2279
2254
2215
2158
2113
2067
2020
1956
1889
1833
1819
1832
1855
1861
1871
1880
1900
1915
1922
1918
1931
1958
1975
1979
1991
1999
1999
2000
2029
2065
2079
2077
2071
2076
2068
2062
2057
2079
2102
2105
2095
2088
2080
2080
2068
2066
2090
2125
2128
2131
2135
2128
2117
2121
2131
2124
2108
2099
2091
2086
2076
2087
2117
2139
2145
2124
2107
2108
2099
2096
2116
2141
2161
2160
2153
2137
2119
2108
2110
2119
2134
2156
2180
2182
2168
2161
2171
2175
2185
2196
2186
2181
2188
2187
2182
2199
2220
2265
2284
2277
2257
2240
2213
2210
2212
2234
2264
2296
2302
2296
2293
2295
2302
2291
2280
2288
2286
2274
2252
2235
2225
2220
2233
2256
2297
2310
2292
2269
2247
2235
2229
2216
2210
2206
2201
2182
2168
2153
2135
2123
2126
2118
2105
2087
2049
2013
1985
1981
2008
2043
2045
2023
2004
1987
1972
1979
2004
2037
2050
2047
2015
1968
1940
1925
1928
1943
1955
1968
1982
1963
1931
1937
1947
1962
1979
1982
1973
1939
1929
1932
1952
1977
1979
1972
1972
1972
1971
1973
1976
1984
1989
2002
2009
1991
1965
1947
1938
1938
1952
1969
1984
1995
1984
1974
1962
1955
1958
1985
2013
2026
2017
1990
1956
1945
1961
1997
2020
2039
2034
2036
2024
2005
1982
1970
1970
1982
1988
1987
1973
1967
1976
1979
1981
1990
1994
1981
1965
1965
1980
1972
1980
2004
2017
2002
1986
1967
1955
1952
1966
1965
1978
1994
1982
1957
1959
1971
1973
1980
2000
2015
2023
2016
1995
1979
1966
1965
1981
2006
2020
2005
1990
1989
1972
1953
1969
2000
2011
2022
2024
2015
1985
1972
1985
2004
2020
2028
2013
1991
1980
1972
1959
1968
1997
2011
2023
2017
1998
1965
1957
1967
1984
2002
2016
2004
1992
1988
1990
1984
1985
2002
2025
2035
2027
2004
1995
1988
1976
1975
1982
2000
2000
2002
2012
2015
2019
2040
2054
2056
2050
2056
2053
2034
2021
2013
2020
2031
2032
2033
2031
2018
2011
2000
1999
2030
2031
2022
2026
2025
2003
1987
1995
2005
2019
2031
2028
2017
2009
2014
2017
2003
2006
2020
2034
2030
2018
2013
2010
2014
2024
2021
2015
1985
1968
1979
1995
2020
2053
2077
2081
2076
2054
2024
1983
1952
1950
1980
2024
2050
2047
2062
2092
2143
2196
2256
2296
2317
2325
2313
2289
2266
2230
2174
2119
2072
2017
1940
1855
1814
1788
1778
1784
1794
1815
1823
1842
1865
1890
1911
1921
1944
1974
1988
1986
1978
1961
1947
1947
1977
2034
2073
2109
2126
2105
2085
2076
2091
2089
2081
2080
2079
2064
2054
2041
2037
2055
2081
2093
2095
2100
2098
2099
2079
2064
2074
2099
2119
2114
2095
2071
2059
2056
2086
2115
2128
2134
2127
2108
2098
2100
2103
2120
2129
2136
2119
2112
2105
2109
2110
2129
2160
2190
2192
2178
2154
2132
2124
2126
2130
2133
2145
2153
2155
2143
2160
2177
2192
2205
2210
2208
2206
2191
2174
2169
2189
2223
2274
2289
2280
2269
2257
2249
2255
2261
2278
2309
2336
2310
2278
2264
2256
2247
2234
2217
2221
2225
2217
2216
2209
2197
2193
2194
2195
2174
2141
2114
2090
2076
2076
2091
2088
2079
2055
2038
2027
2012
1996
1993
2011
2020
1999
1981
1986
1979
1960
1958
1966
1959
1943
1952
1977
1978
1975
1968
1966
1969
1965
1965
1969
1967
1965
1961
1974
1974
1974
1969
1954
1929
1924
1943
1947
1950
1953
1963
1969
1966
1961
1966
1959
1957
1969
1985
1984
1970
1946
1924
1914
1919
1946
1980
1993
1998
1992
1976
1956
1966
1974
1991
2014
2017
2007
1982
1971
1968
1978
1986
1997
2004
1998
1988
1980
1965
1948
1929
1932
1957
1974
1975
1975
1969
1950
1950
1974
2003
2013
2006
2001
2007
1993
2005
2014
2016
2010
1991
1967
1963
1958
1960
1974
1993
2016
2025
2009
1992
1984
1981
1977
1986
1985
1997
2001
1998
1991
1969
1953
1954
1973
1984
1989
1997
1985
1974
1968
1944
1949
1980
1995
1989
1986
1989
1984
1989
1995
2004
2006
2013
2011
2007
1982
1961
1958
1973
1992
2022
2024
2023
2013
1999
1976
1970
1995
2037
2051
2023
1976
1964
1970
1966
1956
1975
2004
2002
1978
1964
1960
1956
1983
2019
2038
2035
2035
2027
2003
1986
1975
1957
1996
2029
2045
2034
2030
2017
2002
2001
2017
2030
2042
2046
2048
2040
2027
2025
2045
2068
2093
2089
2064
2021
1982
1957
1945
1965
1985
2009
2026
2033
2032
2036
2035
2045
2054
2050
2033
2012
1994
1981
1967
1965
1982
2010
2020
2021
2002
1992
1998
1999
2014
2021
2015
1999
1993
1982
1976
1986
2003
2023
2032
2029
2017
2003
1985
1984
2000
2031
2090
2147
2190
2243
2290
2309
2314
2305
2312
2310
2284
2252
2207
2145
2060
1984
1946
1923
1880
1831
1805
1807
1815
1828
1852
1881
1906
1937
1949
1937
1948
1962
1960
1975
1987
2002
2037
2058
2055
2044
2043
2055
2080
2084
2070
2060
2055
2058
2064
2062
2070
2082
2101
2105
2094
2076
2064
2062
2071
2087
2097
2102
2102
2082
2058
2050
2055
2079
2103
2105
2090
2073
2068
2074
2064
2063
2099
2142
2144
2133
2130
2122
2111
2106
2121
2140
2150
2156
2150
2134
2123
2134
2134
2144
2152
2149
2140
2125
2120
2123
2136
2156
2170
2184
2203
2195
2181
2171
2153
2145
2186
2230
2236
2226
2229
2226
2220
2229
2251
2253
2244
2217
2203
2205
2212
2220
2226
2236
2245
2253
2262
2260
2230
2227
2223
2212
2212
2234
2240
2222
2194
2164
2152
2152
2153
2164
2159
2135
2113
2088
2063
2048
2059
2065
2057
2043
2037
2011
1998
1999
1995
2007
2026
2018
2002
1989
1972
1947
1947
1951
1963
1961
1954
1950
1953
1953
1955
1945
1947
1969
1978
1965
1964
1965
1955
1947
1964
1967
1966
1966
1951
1944
1954
1977
1983
1989
1986
1988
1967
1944
1939
1953
1972
1994
2000
1995
1991
1982
1951
1933
1947
1943
1952
1978
1988
1987
1992
1984
1977
1965
1966
1972
1981
1978
1969
1957
1938
1928
1947
1967
1987
2004
2003
1983
1943
1919
1932
1960
1995
2020
2029
2035
2030
2006
1982
1977
1980
1989
1988
1985
1973
1965
1956
1965
1961
1974
2002
2009
1996
1999
1988
1973
1963
1988
2012
2029
2019
2002
1983
1971
1993
2016
2016
1997
1996
2001
2007
1991
1989
1983
1983
1988
1965
1947
1942
1925
1947
1969
1977
1981
1983
1982
1975
1959
1944
1949
1965
1994
2017
2029
2018
2003
1998
1985
1983
1993
2001
2005
1997
1993
1980
1974
1985
1992
2000
2013
2013
2009
1998
1986
1969
1962
1986
1996
1997
1999
2005
2000
1991
1975
1978
1988
2003
1999
1997
2006
2015
2007
2007
2020
2042
2053
2047
2039
2023
1990
1986
2008
2040
2062
2071
2069
2063
2058
2045
2040
2046
2060
2058
2044
2026
2016
2002
1998
2011
2029
2039
2028
2022
2009
1989
1986
2003
2028
2035
2030
2017
2011
2015
2006
1996
2003
2017
2029
2031
2032
2025
2017
2006
2008
2026
2045
2056
2053
2034
2013
1991
1974
1983
2007
2024
2012
2025
2053
2072
2081
2142
2205
2261
2320
2349
2345
2332
2319
2305
2297
2277
2232
2164
2104
2037
1944
1872
1850
1846
1859
1865
1876
1890
1908
1915
1913
1925
1943
1964
1983
1985
1998
2005
2002
2022
2044
2061
2063
2060
2038
2022
2037
2054
2066
2088
2111
2128
2130
2123
2101
2092
2095
2106
2127
2134
2118
2097
2070
2061
2066
2086
2101
2115
2118
2096
2077
2051
2032
2045
2085
2119
2129
2120
2114
2102
2086
2080
2110
2164
2202
2189
2178
2160
2152
2153
2173
2183
2168
2162
2152
2148
2129
2123
2130
2148
2153
2159
2160
2158
2144
2143
2156
2187
2211
2239
2234
2216
2193
2196
2202
2218
2241
2265
2263
2270
2282
2271
2252
2221
2228
2239
2252
2250
2249
2256
2283
2273
2275
2296
2310
2304
2299
2289
2281
2255
2249
2253
2263
2271
2269
2260
2251
2235
2193
2158
2138
2124
2110
2106
2112
2105
2065
2054
2043
2040
2028
2003
1964
1965
1980
1974
1976
1989
2001
2012
2018
2016
2002
1981
1974
1969
1977
1981
1977
1970
1969
1980
1996
2007
2012
2025
2024
1985
1969
1957
1939
1944
1964
1986
2014
2011
2003
1993
1986
1973
1981
1995
2010
2005
1984
1961
1946
1945
1949
1970
1991
2008
2007
1996
1979
1967
1961
1976
1994
2002
2020
2022
2011
1997
1994
1993
1999
2027
2046
2042
2008
1993
1999
2014
2013
2007
2004
2012
2005
1996
1988
1988
1984
1990
2001
2007
1996
1989
2002
2027
2028
2017
2022
2044
2040
2026
2009
2003
1993
1985
1993
2001
2008
1995
1978
1974
1974
1974
1995
2020
2027
2017
2015
1992
1975
1967
1966
1983
1998
2004
2011
2007
1993
1979
1982
1995
2028
2062
2059
2041
2026
2022
2000
1984
1989
2015
2026
2033
2029
2018
1980
1959
1986
2018
2032
2038
2034
2024
2007
1994
1989
2002
2025
2037
2028
2019
2017
2003
1984
1979
2003
2034
2053
2055
2052
2032
2024
2006
1998
1988
1998
2022
2044
2045
2024
2018
2021
2024
2046
2059
2049
2034
2029
2028
2035
2055
2070
2083
2074
2057
2046
2047
2029
2023
2040
2067
2088
2077
2048
2019
1996
1992
2002
2019
2033
2037
2039
2029
2009
1992
1998
2018
2039
2044
2043
2038
2035
2028
2040
2060
2073
2061
2025
1996
1981
1965
1969
1993
2026
2049
2059
2063
2059
2056
2057
2070
2096
2141
2193
2217
2227
2246
2266
2277
2301
2331
2326
2281
2203
2140
2073
2005
1956
1929
1900
1883
1867
1829
1808
1806
1809
1837
1885
1927
1940
1937
1915
1906
1909
1933
1962
1994
2034
2055
2074
2095
2099
2087
2078
2088
2104
2093
2078
2069
2063
2052
2068
2082
2113
2142
2143
2125
2113
2091
2077
2080
2098
2112
2112
2101
2105
2101
2092
2106
2127
2144
2155
2158
2147
2138
2140
2146
2144
2146
2133
2118
2122
2127
2135
2143
2153
2163
2159
2132
2104
2081
2081
2092
2095
2105
2128
2161
2179
2186
2189
2181
2175
2170
2179
2199
2228
2235
2224
2218
2212
2212
2236
2258
2279
2289
2285
2269
2253
2239
2236
2259
2282
2281
2283
2281
2272
2277
2261
2269
2292
2320
2332
2324
2306
2298
2290
2293
2307
2313
2288
2272
2253
2217
2191
2180
2183
2189
2170
2144
2125
2101
2070
2051
2071
2096
2101
2090
2079
2046
2008
1984
1967
1955
1950
1953
1970
1989
1991
1974
1963
1958
1969
1995
1997
1988
1967
1953
1945
1945
1962
1989
1992
1973
1964
1966
1955
1946
1953
1991
2019
2029
2018
1992
1961
1939
1931
1929
1957
1992
1995
1972
1946
1939
1945
1959
1965
1962
1959
1954
1957
1961
1973
1980
1997
2005
2011
1994
1972
1960
1942
1945
1975
1990
1994
1993
1985
1971
1958
1950
1955
1983
2022
2048
2042
2010
1964
1939
1930
1937
1957
1989
1993
1978
1967
1967
1964
1976
1977
1986
1993
1983
1965
1966
1989
1981
1958
1984
2029
2034
1996
1977
1958
1943
1946
1956
1964
1975
1981
1964
1946
1937
1933
1940
1968
2005
2016
2008
1995
1976
1971
1965
1968
1985
2003
1995
1997
2000
2002
1985
1975
1954
1968
1973
1957
1955
1957
1963
1966
1975
1993
2014
2013
2004
1992
1989
1977
1986
2013
2027
2018
2009
1982
1963
1962
1970
1979
2003
2025
2019
1988
1957
1938
1941
1957
1964
1985
2001
1997
1984
1983
1982
1990
2009
2039
2046
2029
2016
2010
2010
2001
1998
2007
2016
2023
2018
2018
2015
2010
2008
2008
2016
2036
2041
2043
2018
1985
1963
1958
1973
1994
2008
2014
2017
2006
1996
1995
2016
2040
2055
2051
2031
1980
1961
1950
1966
1994
2013
2020
2018
1992
1951
1948
1965
1982
1990
1989
1997
1984
1965
1953
1949
1977
2023
2064
2091
2120
2153
2196
2227
2250
2267
2296
2299
2295
2271
2232
2174
2121
2078
2045
1998
1940
1891
1852
1808
1777
1784
1822
1842
1860
1872
1878
1878
1879
1897
1921
1960
1983
1988
1989
2001
2004
1996
1996
2025
2066
2068
2060
2048
2034
2026
2037
2052
2057
2063
2058
2047
2052
2031
1996
1980
1985
2014
2041
2023
2032
2036
2032
2031
2056
2076
2098
2107
2108
2094
2075
2085
2103
2118
2117
2113
2110
2097
2081
2076
2073
2079
2090
2107
2102
2087
2082
2078
2077
2091
2111
2124
2121
2106
2094
2093
2094
2091
2088
2093
2110
2133
2152
2152
2144
2143
2162
2167
2168
2182
2190
2179
2164
2171
2204
2242
2274
2276
2279
2280
2275
2238
2206
2197
2213
2240
2257
2266
2268
2255
2215
2214
2233
2240
2235
2223
2207
2203
2179
2153
2153
2169
2183
2173
2144
2126
2106
2087
2072
2074
2079
2071
2054
2026
2028
2016
1998
1994
1995
2003
2011
2004
1994
1976
1967
1975
1975
1971
1981
1995
1985
1976
1969
1951
1950
1954
1966
1978
1978
1967
1935
1923
1930
1942
1959
1974
1975
1961
1931
1924
1923
1936
1946
1957
1975
1973
1965
1963
1954
1954
1970
1992
1987
1964
1965
1956
1933
1937
1971
1993
1998
2003
2007
2004
1988
1957
1943
1961
1980
2009
2018
1994
1962
1938
1926
1955
1996
2009
2005
2005
1994
1954
1944
1951
1967
1988
2011
2004
1991
1975
1956
1948
1953
1972
1996
2011
2009
2008
2005
2005
2016
2017
2010
1998
1981
1978
1976
1972
1977
2002
2022
2040
2042
2024
1996
1975
1964
1969
1981
2000
2004
1984
1963
1931
1917
1942
1982
2013
