1853
1848
1853
1851
1862
1865
1875
1880
1889
1892
1900
1906
1913
1919
1923
1929
1930
1935
1938
1941
1941
1944
1948
1948
1948
1952
1952
1956
1956
1963
1960
1962
1959
1962
1958
1962
1959
1962
1959
1961
1957
1957
1957
1955
1954
1953
1954
1952
1951
1946
1947
1946
1946
1943
1941
1939
1942
1938
1939
1935
1936
1932
1932
1928
1931
1927
1928
1924
1928
1926
1925
1929
1927
1926
1925
1924
1924
1924
1921
1921
1918
1919
1916
1917
1915
1921
1914
1918
1912
1914
1909
1914
1914
1917
1917
1922
1925
1933
1941
1951
1959
1972
1983
1998
2015
2033
2053
2072
2099
2123
2151
2181
2215
2247
2286
2320
2359
2394
2435
2470
2511
2548
2591
2626
2667
2703
2741
2778
2815
2848
2881
2913
2942
2970
2997
3020
3041
3063
3075
3092
3101
3112
3116
3124
3120
3116
3110
3103
3088
3077
3058
3042
3018
2998
2971
2944
2916
2885
2854
2819
2781
2743
2704
2664
2622
2580
2539
2495
2454
2409
2373
2327
2285
2241
2203
2160
2123
2082
2047
2009
1975
1940
1909
1876
1848
1819
1791
1764
1740
1715
1689
1670
1653
1637
1622
1608
1596
1587
1577
1576
1565
1562
1556
1557
1552
1556
1553
1559
1558
1565
1568
1577
1582
1589
1598
1605
1610
1621
1629
1637
1647
1656
1664
1675
1684
1692
1701
1708
1723
1728
1738
1745
1757
1762
1776
1781
1793
1799
1813
1819
1829
1838
1848
1856
1864
1872
1880
1888
1896
1903
1912
1923
1928
1940
1947
1957
1963
1978
1984
1996
2002
2013
2017
2028
2033
2043
2050
2059
2064
2074
2081
2086
2094
2099
2105
2111
2118
2122
2129
2132
2140
2147
2151
2154
2162
2162
2167
2166
2170
2167
2172
2167
2169
2165
2166
2159
2158
2153
2151
2146
2143
2136
2129
2121
2115
2107
2098
2088
2080
2069
2059
2049
2037
2033
2017
2007
1993
1986
1972
1966
1953
1946
1933
1928
1914
1909
1901
1893
1883
1876
1867
1858
1853
1845
1839
1830
1825
1818
1815
1807
1803
1799
1799
1790
1789
1785
1783
1781
1780
1779
1780
1779
1781
1781
1782
1784
1786
1785
1785
1789
1788
1789
1792
1794
1797
1800
1801
1804
1806
1813
1811
1817
1813
1817
1816
1819
1820
1824
1824
1829
1828
1831
1835
1838
1840
1841
1845
1844
1847
1846
1849
1850
1853
1853
1856
1858
1858
1860
1866
1862
1865
1861
1861
1861
1862
1860
1864
1862
1865
1863
1868
1871
1874
1877
1877
1878
1879
1880
1880
1881
1881
1882
1884
1883
1885
1888
1889
1896
1893
1896
1893
1895
1893
1897
1897
1900
1899
1903
1901
1905
1907
1908
1909
1909
1908
1908
1909
1907
1909
1909
1909
1909
1911
1910
1916
1913
1913
1909
1912
1909
1914
1912
1911
1909
1913
1906
1909
1906
1909
1908
1908
1905
1904
1904
1903
1901
1899
1897
1895
1897
1893
1896
1893
1899
1896
1899
1895
1903
1899
1905
1904
1911
1912
1920
1922
1930
1938
1945
1953
1963
1976
1989
2005
2021
2041
2063
2088
2112
2142
2170
2202
2234
2277
2307
2348
2384
2425
2463
2505
2544
2589
2630
2674
2712
2756
2798
2840
2880
2916
2952
2987
3016
3047
3074
3099
3124
3143
3162
3176
3194
3200
3207
3206
3207
3200
3198
3187
3178
3162
3150
3129
3107
3081
3060
3031
3001
2969
2934
2899
2861
2822
2780
2741
2699
2657
2615
2572
2529
2490
2443
2400
2356
2313
2267
2228
2187
2147
2108
2072
2034
2000
1968
1936
1905
1874
1845
1819
1790
1767
1745
1724
1704
1688
1674
1657
1645
1634
1630
1617
1614
1604
1599
1594
1594
1592
1595
1593
1598
1601
1605
1613
1620
1625
1634
1640
1649
1657
1668
1676
1686
1697
1705
1716
1726
1734
1744
1759
1764
1773
1781
1791
1796
1810
1815
1823
1830
1839
1845
1855
1861
1867
1874
1878
1884
1888
1892
1897
1900
1905
1911
1914
1921
1924
1938
1938
1949
1951
1959
1963
1972
1975
1984
1990
1997
2004
2012
2019
2027
2036
2040
2049
2052
2059
2066
2075
2078
2085
2090
2095
2098
2104
2106
2116
2117
2123
2121
2128
2126
2132
2131
2134
2134
2137
2132
2134
2132
2131
2128
2124
2122
2117
2114
2109
2105
2098
2095
2088
2085
2077
2076
2064
2059
2049
2044
2033
2027
2015
2009
1999
1993
1984
1976
1969
1961
1953
1946
1938
1932
1924
1917
1912
1906
1899
1892
1886
1882
1877
1871
1870
1862
1860
1850
1848
1839
1836
1829
1827
1821
1820
1815
1812
1811
1807
1806
1800
1798
1794
1792
1790
1788
1787
1788
1786
1787
1788
1788
1787
1791
1789
1790
1789
1793
1791
1794
1793
1799
1798
1803
1802
1807
1809
1812
1815
1817
1819
1820
1821
1823
1826
1828
1833
1833
1835
1838
1844
1842
1847
1846
1851
1849
1852
1852
1854
1853
1856
1854
1858
1857
1860
1861
1865
1865
1864
1865
1870
1871
1872
1874
1875
1878
1880
1882
1882
1890
1886
1891
1888
1893
1888
1891
1890
1893
1892
1897
1895
1897
1900
1902
1903
1904
1904
1905
1907
1906
1910
1909
1911
1909
1912
1910
1914
1913
1917
1914
1916
1912
1915
1914
1914
1911
1913
1910
1911
1909
1911
1912
1914
1911
1911
1912
1910
1912
1910
1910
1909
1909
1910
1909
1907
1911
1905
1906
1900
1903
1898
1902
1899
1901
1899
1900
1899
1901
1899
1901
1899
1900
1901
1901
1899
1900
1899
1898
1900
1898
1901
1898
1901
1899
1903
1897
1898
1894
1896
1890
1890
1886
1888
1887
1887
1885
1887
1889
1890
1888
1887
1885
1885
1887
1885
1887
1887
1890
1892
1893
1896
1903
1907
1919
1924
1936
1945
1964
1977
1997
2016
2041
2064
2097
2123
2156
2194
2227
2265
2300
2341
2381
2422
2464
2508
2552
2595
2637
2681
2723
2770
2811
2858
2894
2935
2968
3004
3036
3067
3095
3120
3144
3166
3186
3200
3215
3227
3235
3240
3243
3240
3236
3228
3219
3206
3194
3175
3156
3134
3114
3085
3061
3027
2997
2961
2925
2889
2854
2811
2772
2731
2688
2647
2605
2561
2517
2474
2430
2387
2346
2303
2261
2221
2179
2141
2101
2066
2031
2004
1968
1939
1905
1878
1851
1827
1801
1781
1758
1739
1720
1704
1688
1677
1665
1655
1645
1640
1632
1626
1625
1623
1624
1627
1630
1634
1640
1644
1654
1659
1668
1677
1686
1695
1709
1717
1728
1740
1752
1760
1773
1782
1795
1802
1814
1821
1831
1840
1848
1857
1865
1873
1881
1890
1896
1905
1909
1916
1918
1925
1927
1936
1940
1947
1949
1958
1960
1969
1972
1979
1986
1992
1995
1998
2006
2008
2014
2018
2023
2025
2032
2034
2041
2045
2054
2054
2061
2062
2070
2072
2077
2077
2083
2082
2087
2090
2093
2097
2101
2103
2108
2110
2112
2112
2114
2115
2115
2118
2118
2120
2118
2120
2118
2123
2117
2120
2116
2115
2110
2108
2103
2100
2091
2090
2080
2078
2070
2064
2057
2048
2040
2030
2022
2012
2003
1995
1988
1979
1971
1964
1956
1949
1945
1934
1928
1919
1916
1906
1903
1897
1892
1886
1884
1878
1876
1873
1869
1865
1860
1856
1853
1849
1845
1841
1836
1835
1831
1831
1825
1827
1821
1818
1813
1812
1803
1804
1802
1800
1797
1799
1794
1796
1793
1794
1797
1798
1799
1800
1799
1799
1801
1801
1803
1802
1805
1804
1807
1809
1815
1812
1816
1814
1818
1816
1819
1817
1821
1821
1826
1825
1829
1833
1835
1838
1840
1842
1844
1847
1848
1849
1852
1853
1854
1857
1858
1860
1861
1867
1865
1868
1867
1869
1869
1872
1870
1874
1873
1876
1874
1878
1877
1876
1879
1877
1879
1878
1878
1877
1878
1877
1879
1877
1880
1880
1881
1881
1887
1886
1888
1886
1889
1887
1892
1890
1891
1892
1894
1893
1896
1898
1900
1904
1904
1906
1905
1907
1906
1907
1906
1907
1909
1909
1909
1915
1911
1914
1909
1913
1908
1912
1910
1912
1909
1913
1910
1911
1909
1909
1911
1910
1908
1908
1908
1906
1908
1908
1911
1908
1909
1906
1909
1906
1912
1910
1912
1908
1911
1908
1909
1905
1905
1901
1900
1898
1898
1897
1896
1894
1893
1893
1889
1890
1891
1891
1888
1889
1887
1889
1886
1887
1886
1891
1884
1886
1880
1881
1879
1880
1877
1880
1878
1878
1876
1878
1877
1876
1876
1872
1873
1872
1871
1869
1870
1869
1870
1869
1872
1872
1878
1874
1878
1878
1885
1887
1895
1897
1909
1917
1931
1940
1958
1970
1992
2013
2035
2057
2086
2112
2141
2172
2205
2238
2275
2314
2350
2392
2432
2479
2519
2563
2604
2649
2688
2730
2771
2812
2850
2889
2923
2959
2994
3024
3052
3081
3104
3125
3142
3154
3167
3174
3181
3181
3185
3178
3176
3166
3158
3141
3130
3107
3087
3061
3035
3007
2980
2947
2915
2880
2845
2808
2770
2730
2692
2651
2608
2565
2524
2483
2442
2400
2358
2314
2275
2239
2196
2159
2118
2086
2047
2014
1979
1948
1913
1884
1853
1828
1801
1778
1754
1735
1715
1698
1681
1668
1656
1645
1636
1629
1621
1619
1614
1611
1614
1610
1613
1613
1618
1620
1630
1632
1644
1649
1658
1663
1674
1682
1693
1700
1709
1719
1729
1737
1748
1756
1764
1774
1783
1796
1803
1815
1822
1836
1840
1849
1852
1861
1864
1873
1876
1885
1889
1899
1901
1911
1916
1921
1926
1933
1936
1941
1946
1950
1957
1962
1968
1975
1980
1987
1997
1999
2008
2009
2020
2019
2027
2029
2038
2041
2047
2050
2058
2061
2069
2076
2081
2086
2092
2097
2101
2108
2113
2117
2122
2129
2131
2136
2138
2144
2145
2148
2145
2149
2144
2148
2144
2147
2143
2144
2140
2141
2138
2138
2132
2131
2126
2121
2116
2110
2106
2098
2094
2088
2084
2077
2072
2064
2062
2050
2045
2034
2027
2016
2011
1998
1993
1982
1977
1966
1961
1953
1946
1938
1930
1922
1914
1908
1898
1894
1885
1880
1874
1870
1864
1860
1856
1859
1852
1850
1844
1845
1837
1839
1833
1833
1828
1829
1825
1825
1824
1823
1822
1821
1820
1818
1816
1817
1816
1814
1814
1810
1814
1813
1819
1817
1819
1816
1820
1814
1818
1816
1820
1818
1820
1816
1819
1817
1822
1822
1827
1826
1829
1830
1831
1835
1836
1836
1838
1840
1841
1842
1845
1850
1846
1849
1847
1850
1851
1856
1855
1860
1860
1863
1862
1867
1869
1873
1874
1876
1877
1876
1879
1880
1881
1885
1887
1887
1891
1890
1891
1896
1902
1898
1904
1901
1906
1907
1911
1909
1914
1914
1916
1917
1919
1922
1924
1927
1925
1927
1929
1931
1930
1931
1932
1934
1932
1933
1932
1939
1933
1934
1932
1933
1930
1931
1928
1929
1927
1929
1926
1928
1926
1929
1928
1928
1927
1925
1925
1925
1925
1922
1922
1922
1921
1920
1923
1919
1925
1920
1923
1919
1922
1919
1921
1918
1920
1915
1917
1913
1913
1911
1912
1910
1911
1910
1909
1910
1906
1906
1905
1906
1906
1907
1905
1905
1904
1908
1904
1907
1902
1905
1902
1904
1900
1903
1898
1903
1901
1907
1909
1914
1917
1924
1932
1939
1949
1960
1972
1988
2006
2025
2047
2070
2096
2123
2156
2184
2217
2247
2283
2316
2355
2388
2430
2466
2507
2543
2585
2625
2662
2698
2735
2772
2805
2838
2869
2900
2926
2952
2975
2997
3014
3034
3043
3056
3062
3071
3070
3074
3069
3066
3056
3046
3031
3020
2999
2982
2961
2937
2911
2883
2851
2821
2788
2751
2716
2679
2644
2603
2565
2527
2493
2450
2411
2369
2332
2291
2252
2213
2176
2138
2105
2067
2036
2003
1970
1937
1907
1877
1847
1819
1792
1769
1745
1725
1704
1686
1668
1655
1641
1633
1619
1613
1600
1597
1590
1590
1584
1585
1584
1589
1589
1597
1602
1610
1616
1625
1631
1639
1647
1655
1664
1673
1683
1694
1704
1711
1727
1733
1745
1751
1764
1771
1783
1787
1800
1805
1817
1821
1830
1837
1850
1855
1865
1872
1877
1885
1892
1897
1903
1910
1916
1924
1928
1936
1941
1954
1957
1962
1967
1974
1979
1986
1990
2000
2007
2014
2020
2029
2037
2044
2051
2058
2067
2074
2081
2085
2095
2097
2103
2108
2113
2116
2121
2125
2133
2133
2138
2137
2143
2140
2143
2142
2147
2144
2146
2142
2145
2145
2142
2142
2138
2134
2130
2127
2122
2118
2112
2106
2101
2095
2088
2084
2075
2075
2064
2061
2049
2043
2031
2027
2016
2010
1996
1992
1981
1973
1966
1958
1950
1943
1935
1925
1918
1911
1902
1896
1891
1882
1876
1871
1866
1861
1861
1853
1850
1844
1840
1832
1831
1824
1825
1818
1816
1810
1810
1809
1807
1806
1803
1804
1803
1801
1801
1802
1801
1803
1804
1806
1807
1813
1808
1814
1810
1814
1812
1816
1813
1817
1819
1821
1822
1828
1828
1831
1834
1836
1836
1839
1841
1843
1842
1844
1846
1846
1849
1851
1853
1853
1860
1858
1859
1858
1863
1861
1864
1863
1866
1864
1866
1865
1868
1870
1869
1871
1873
1871
1873
1876
1877
1879
1882
1886
1887
1891
1890
1893
1897
1904
1904
1908
1907
1909
1910
1912
1913
1916
1915
1918
1918
1921
1922
1922
1923
1922
1925
1923
1924
1924
1923
1925
1926
1925
1926
1925
1926
1925
1932
1927
1931
1927
1931
1929
1931
1925
1929
1925
1926
1924
1926
1927
1926
1926
1925
1925
1923
1924
1922
1922
1921
1919
1918
1918
1914
1919
1912
1914
1906
1908
1901
1903
1897
1897
1892
1893
1890
1890
1891
1891
1890
1889
1888
1888
1889
1888
1889
1890
1893
1892
1896
1897
1900
1904
1910
1911
1921
1926
1937
1944
1958
1968
1985
1999
2021
2038
2061
2086
2110
2137
2166
2195
2227
2258
2291
2324
2361
2396
2434
2474
2511
2551
2587
2631
2666
2706
2738
2776
2808
2842
2872
2904
2932
2960
2983
3006
3026
3044
3057
3069
3078
3083
3088
3087
3084
3079
3072
3060
3050
3035
3024
3001
2982
2954
2932
2901
2875
2843
2813
2779
2748
2712
2679
2642
2607
2571
2533
2497
2457
2420
2379
2341
2300
2264
2225
2188
2150
2115
2081
2054
2018
1988
1956
1930
1901
1878
1851
1831
1808
1788
1768
1755
1738
1725
1711
1697
1686
1676
1667
1660
1653
1647
1643
1638
1634
1632
1634
1633
1640
1638
1645
1645
1654
1657
1668
1671
1682
1687
1697
1703
1713
1724
1731
1740
1749
1757
1765
1771
1780
1786
1794
1801
1807
1815
1820
1830
1832
1839
1841
1849
1852
1861
1863
1872
1878
1886
1891
1900
1905
1914
1925
1931
1941
1949
1957
1965
1972
1982
1989
1996
2004
2013
2020
2030
2039
2043
2054
2057
2065
2069
2078
2082
2090
2092
2102
2105
2111
2114
2120
2121
2127
2129
2130
2133
2135
2137
2141
2142
2143
2146
2146
2146
2147
2152
2146
2148
2144
2144
2138
2139
2134
2134
2130
2128
2125
2123
2120
2117
2113
2105
2101
2097
2087
2082
2074
2065
2058
2053
2044
2037
2034
2025
2017
2006
1999
1989
1984
1972
1968
1957
1952
1945
1941
1932
1932
1927
1922
1916
1913
1906
1901
1894
1890
1884
1881
1877
1871
1870
1865
1867
1859
1858
1851
1851
1845
1844
1838
1838
1833
1834
1830
1829
1827
1827
1825
1827
1825
1825
1825
1828
1826
1829
1828
1828
1828
1829
1832
1833
1838
1834
1838
1836
1840
1837
1841
1843
1847
1845
1851
1849
1853
1860
1862
1863
1866
1867
1867
1868
1869
1872
1871
1874
1876
1877
1878
1878
1880
1884
1881
1882
1877
1879
1876
1878
1875
1876
1873
1876
1875
1878
1879
1880
1881
1880
1881
1879
1877
1877
1878
1878
1878
1878
1881
1881
1887
1884
1888
1888
1891
1887
1892
1891
1895
1895
1893
1895
1899
1897
1900
1903
1902
1907
1908
1907
1908
1908
1909
1909
1913
1912
1917
1919
1918
1925
1923
1924
1919
1923
1921
1921
1919
1920
1918
1921
1919
1920
1922
1921
1922
1922
1918
1918
1918
1918
1917
1916
1914
1912
1912
1911
1912
1910
1916
1912
1914
1910
1913
1911
1912
1911
1912
1912
1914
1913
1913
1913
1914
1914
1915
1914
1912
1916
1916
1916
1918
1918
1918
1919
1919
1925
1921
1923
1919
1923
1918
1919
1915
1917
1913
1915
1912
1913
1910
1912
1911
1910
1910
1912
1913
1912
1911
1912
1913
1911
1915
1914
1917
1921
1932
1934
1943
1950
1962
1972
1989
2001
2023
2041
2064
2085
2112
2139
2166
2199
2229
2264
2298
2333
2369
2407
2445
2485
2523
2564
2601
2642
2680
2724
2759
2798
2832
2871
2900
2936
2964
2995
3021
3048
3067
3092
3109
3128
3140
3151
3157
3165
3166
3165
3162
3155
3146
3133
3122
3107
3092
3071
3053
3027
3001
2969
2942
2908
2877
2842
2808
2770
2735
2697
2658
2621
2580
2541
2500
2461
2418
2379
2341
2301
2261
2225
2186
2150
2112
2081
2045
2015
1979
1952
1922
1897
1869
1848
1824
1802
1782
1765
1748
1735
1722
1708
1698
1689
1678
1671
1666
1659
1658
1655
1655
1654
1658
1659
1668
1667
1675
1677
1684
1686
1698
1700
1713
1717
1727
1735
1749
1758
1768
1778
1787
1797
1807
1816
1826
1836
1842
1852
1861
1870
1875
1883
1888
1901
1903
1912
1913
1926
1927
1937
1940
1947
1951
1960
1961
1968
1974
1981
1985
1990
1992
1999
2004
2007
2014
2018
2024
2027
2035
2038
2052
2051
2057
2058
2066
2070
2078
2081
2089
2094
2100
2103
2112
2114
2119
2125
2130
2133
2135
2139
2139
2143
2144
2144
2145
2147
2146
2148
2147
2152
2148
2150
2146
2148
2142
2143
2138
2138
2133
2136
2129
2129
2123
2121
2117
2111
2107
2100
2092
2089
2080
2075
2068
2062
2056
2047
2044
2039
2037
2029
2024
2014
2008
2001
1997
1987
1982
1976
1971
1964
1960
1954
1948
1943
1937
1932
1926
1920
1912
1909
1899
1895
1889
1884
1877
1875
1867
1871
1864
1863
1855
1854
1846
1846
1840
1838
1835
1835
1831
1833
1831
1830
1829
1827
1826
1824
1825
1822
1823
1825
1824
1825
1826
1825
1834
1831
1835
1832
1835
1835
1837
1836
1841
1839
1846
1845
1849
1852
1856
1861
1864
1864
1868
1869
1871
1871
1873
1874
1874
1877
1877
1881
1880
1886
1883
1887
1885
1889
1888
1891
1885
1888
1885
1887
1886
1891
1893
1895
1897
1899
1900
1902
1901
1901
1901
1901
1900
1899
1900
1899
1899
1897
1903
1898
1900
1897
1898
1894
1896
1893
1896
1892
1896
1894
1896
1897
1899
1899
1900
1901
1903
1902
1903
1903
1904
1904
1903
1904
1903
1909
1906
1910
1905
1907
1905
1906
1904
1906
1904
1906
1905
1908
1907
1909
1913
1914
1916
1916
1915
1916
1915
1917
1917
1919
1919
1920
1920
1919
1926
1925
1928
1924
1928
1925
1927
1926
1928
1927
1929
1927
1929
1931
1930
1929
1929
1929
1929
1930
1929
1929
1930
1930
1930
1929
1929
1929
1927
1933
1930
1932
1928
1930
1929
1929
1927
1930
1927
1930
1927
1928
1927
1927
1927
1924
1923
1917
1915
1914
1911
1908
1904
1901
1900
1896
1897
1893
1896
1890
1894
1888
1890
1884
1888
1883
1886
1884
1884
1882
1885
1885
1885
1887
1888
1890
1893
1896
1898
1905
1908
1917
1925
1937
1948
1966
1977
1997
2013
2037
2060
2089
2112
2145
2174
2212
2244
2284
2320
2361
2401
2443
2486
2527
2568
2608
2651
2691
2734
2773
2813
2851
2889
2923
2961
2993
3024
3051
3082
3102
3125
3146
3164
3177
3191
3197
3205
3210
3211
3208
3205
3194
3185
3169
3154
3137
3116
3094
3069
3041
3010
2980
2947
2916
2881
2844
2803
2764
2723
2683
2641
2602
2559
2518
2476
2435
2395
2353
2311
2271
2230
2190
2152
2116
2080
2047
2014
1981
1951
1922
1893
1866
1846
1819
1798
1773
1754
1733
1718
1700
1690
1675
1664
1651
1644
1639
1633
1627
1622
1624
1624
1624
1625
1631
1633
1638
1643
1649
1657
1670
1674
1685
1689
1702
1710
1723
1730
1744
1751
1764
1774
1786
1797
1809
1821
1830
1841
1851
1857
1868
1876
1883
1892
1898
1904
1911
1917
1923
1934
1938
1945
1948
1957
1958
1966
1971
1977
1980
1988
1994
2001
2008
2013
2021
2023
2028
2032
2039
2043
2045
2052
2057
2062
2071
2075
2081
2086
2096
2103
2109
2109
2117
2119
2123
2127
2132
2136
2141
2143
2148
2151
2155
2158
2159
2161
2162
2165
2166
2169
2169
2170
2168
2168
2166
2169
2163
2163
2155
2152
2146
2140
2133
2128
2122
2116
2110
2107
2097
2092
2087
2083
2077
2068
2063
2056
2048
2042
2035
2025
2019
2011
2002
1994
1992
1982
1977
1966
1960
1951
1947
1939
1933
1926
1924
1916
1913
1909
1904
1898
1892
1888
1882
1878
1875
1871
1866
1861
1857
1853
1850
1848
1841
1844
1839
1837
1835
1834
1829
1830
1826
1827
1823
1826
1822
1826
1826
1825
1825
1828
1827
1828
1827
1828
1832
1831
1831
1833
1835
1835
1836
1837
1841
1841
1844
1843
1846
1846
1848
1850
1852
1852
1855
1858
1860
1863
1868
1867
1869
1870
1871
1872
1874
1875
1876
1878
1878
1879
1878
1882
1879
1883
1878
1880
1879
1879
1877
1881
1880
1884
1883
1885
1885
1888
1887
1888
1891
1891
1893
1894
1897
1898
1898
1900
1901
1901
1903
1903
1908
1905
1908
1905
1909
1907
1910
1909
1915
1915
1919
1917
1921
1925
1927
1930
1929
1931
1932
1931
1929
1933
1933
1935
1933
1934
1934
1936
1936
1943
1940
1941
1938
1941
1937
1941
1938
1941
1939
1943
1940
1942
1944
1945
1944
1942
1941
1939
1938
1937
1936
1936
1933
1932
1932
1928
1934
1929
1932
1927
1928
1927
1930
1926
1927
1923
1926
1921
1923
1920
1923
1924
1922
1919
1920
1918
1919
1918
1920
1917
1916
1918
1915
1916
1914
1917
1913
1915
1909
1913
1908
1909
1905
1906
1901
1903
1898
1902
1899
1900
1897
1899
1897
1896
1895
1897
1894
1893
1890
1890
1892
1892
1892
1891
1896
1894
1895
1893
1897
1895
1898
1894
1901
1900
1904
1905
1913
1919
1924
1932
1939
1949
1960
1971
1987
2001
2019
2041
2061
2085
2110
2142
2167
2202
2233
2270
2302
2343
2378
2418
2457
2500
2541
2584
2624
2667
2709
2747
2784
2822
2858
2893
2924
2955
2984
3011
3035
3058
3078
3095
3116
3126
3139
3145
3150
3151
3152
3147
3145
3136
3129
3113
3104
3092
3072
3053
3030
3003
2976
2946
2914
2881
2847
2811
2775
2737
2697
2657
2616
2577
2534
2494
2449
2408
2365
2326
2283
2245
2202
2166
2128
2092
2055
2023
1988
1954
1923
1892
1861
1837
1811
1787
1763
1744
1727
1710
1699
1679
1668
1652
1642
1631
1625
1615
1613
1606
1606
1602
1604
1601
1608
1611
1614
1619
1624
1629
1635
1640
1647
1656
1662
1673
1681
1692
1702
1718
1724
1740
1747
1760
1766
1781
1787
1800
1807
1820
1826
1838
1845
1855
1862
1873
1881
1888
1894
1903
1910
1916
1925
1934
1941
1950
1959
1966
1979
1982
1992
1996
2004
2010
2019
2024
2033
2037
2047
2048
2058
2066
2070
2077
2082
2088
2092
2099
2101
2108
2112
2119
2123
2130
2133
2141
2141
2152
2152
2159
2159
2167
2165
2171
2171
2176
2175
2179
2179
2180
2181
2181
2180
2178
2177
2174
2172
2169
2167
2162
2160
2154
2152
2148
2147
2137
2135
2126
2124
2114
2109
2101
2098
2088
2084
2074
2065
2054
2049
2039
2033
2023
2015
2008
1999
1989
1983
1975
1967
1960
1951
1944
1937
1936
1926
1919
1910
1908
1899
1896
1887
1883
1877
1873
1868
1866
1861
1857
1853
1849
1847
1843
1840
1837
1836
1834
1832
1830
1830
1827
1831
1830
1834
1832
1835
1833
1833
1832
1835
1835
1839
1839
1842
1842
1848
1850
1855
1857
1859
1861
1862
1866
1865
1868
1869
1873
1874
1875
1876
1883
1881
1885
1881
1886
1883
1888
1887
1890
1891
1894
1892
1896
1897
1898
1900
1901
1901
1903
1905
1904
1904
1904
1905
1905
1908
1909
1910
1911
1917
1913
1916
1911
1916
1913
1915
1912
1916
1913
1916
1912
1914
1916
1917
1917
1918
1920
1919
1920
1923
1923
1924
1925
1927
1928
1928
1930
1932
1940
1939
1942
1940
1944
1943
1946
1945
1949
1950
1952
1951
1954
1955
1956
1955
1953
1952
1952
1951
1950
1951
1948
1949
1948
1949
1946
1948
1944
1951
1945
1947
1946
1945
1941
1943
1940
1940
1938
1940
1937
1941
1941
1939
1936
1937
1936
1935
1934
1931
1931
1929
1928
1928
1929
1925
1931
1927
1926
1922
1924
1921
1922
1919
1915
1915
1919
1915
1916
1917
1917
1917
1919
1919
1918
1921
1922
1925
1930
1935
1940
1947
1955
1963
1973
1991
2001
2019
2033
